
 **** DERIVATIVE DATABASE ****    
+DDB, Version number    100401

  Note : temporary (transfer) database

    usepaw         0
     natom        30
      nkpt         2
    nsppol         1
      nsym         1
    ntypat         3
    occopt         1
     nband       184
     acell  0.86808000000000D+01  0.86808000000000D+01  0.60000000000000D+02
       amu  0.47880000000000D+02  0.15999400000000D+02  0.10642000000000D+03
   dilatmx  0.10000000000000D+01
      ecut  0.60000000000000D+02
    ecutsm  0.00000000000000D+00
     intxc         0
      iscf         7
       ixc        11
       kpt  0.12500000000000D+00  0.50000000000000D+00  0.50000000000000D+00
            0.37500000000000D+00  0.50000000000000D+00  0.50000000000000D+00
    kptnrm  0.10000000000000D+01
     ngfft        64   64  432
    nspden         1
   nspinor         1
       occ  0.20000000000000D+01  0.20000000000000D+01  0.20000000000000D+01
            0.20000000000000D+01  0.20000000000000D+01  0.20000000000000D+01
            0.20000000000000D+01  0.20000000000000D+01  0.20000000000000D+01
            0.20000000000000D+01  0.20000000000000D+01  0.20000000000000D+01
            0.20000000000000D+01  0.20000000000000D+01  0.20000000000000D+01
            0.20000000000000D+01  0.20000000000000D+01  0.20000000000000D+01
            0.20000000000000D+01  0.20000000000000D+01  0.20000000000000D+01
            0.20000000000000D+01  0.20000000000000D+01  0.20000000000000D+01
            0.20000000000000D+01  0.20000000000000D+01  0.20000000000000D+01
            0.20000000000000D+01  0.20000000000000D+01  0.20000000000000D+01
            0.20000000000000D+01  0.20000000000000D+01  0.20000000000000D+01
            0.20000000000000D+01  0.20000000000000D+01  0.20000000000000D+01
            0.20000000000000D+01  0.20000000000000D+01  0.20000000000000D+01
            0.20000000000000D+01  0.20000000000000D+01  0.20000000000000D+01
            0.20000000000000D+01  0.20000000000000D+01  0.20000000000000D+01
            0.20000000000000D+01  0.20000000000000D+01  0.20000000000000D+01
            0.20000000000000D+01  0.20000000000000D+01  0.20000000000000D+01
            0.20000000000000D+01  0.20000000000000D+01  0.20000000000000D+01
            0.20000000000000D+01  0.20000000000000D+01  0.20000000000000D+01
            0.20000000000000D+01  0.20000000000000D+01  0.20000000000000D+01
            0.20000000000000D+01  0.20000000000000D+01  0.20000000000000D+01
            0.20000000000000D+01  0.20000000000000D+01  0.20000000000000D+01
            0.20000000000000D+01  0.20000000000000D+01  0.20000000000000D+01
            0.20000000000000D+01  0.20000000000000D+01  0.20000000000000D+01
            0.20000000000000D+01  0.20000000000000D+01  0.20000000000000D+01
            0.20000000000000D+01  0.20000000000000D+01  0.20000000000000D+01
            0.20000000000000D+01  0.20000000000000D+01  0.20000000000000D+01
            0.20000000000000D+01  0.20000000000000D+01  0.20000000000000D+01
            0.20000000000000D+01  0.20000000000000D+01  0.20000000000000D+01
            0.20000000000000D+01  0.20000000000000D+01  0.20000000000000D+01
            0.20000000000000D+01  0.20000000000000D+01  0.20000000000000D+01
            0.20000000000000D+01  0.20000000000000D+01  0.20000000000000D+01
            0.20000000000000D+01  0.20000000000000D+01  0.20000000000000D+01
            0.20000000000000D+01  0.20000000000000D+01  0.20000000000000D+01
            0.20000000000000D+01  0.20000000000000D+01  0.20000000000000D+01
            0.20000000000000D+01  0.20000000000000D+01  0.20000000000000D+01
            0.20000000000000D+01  0.20000000000000D+01  0.20000000000000D+01
            0.20000000000000D+01  0.20000000000000D+01  0.20000000000000D+01
            0.20000000000000D+01  0.20000000000000D+01  0.20000000000000D+01
            0.20000000000000D+01  0.20000000000000D+01  0.20000000000000D+01
            0.20000000000000D+01  0.20000000000000D+01  0.20000000000000D+01
            0.20000000000000D+01  0.20000000000000D+01  0.20000000000000D+01
            0.20000000000000D+01  0.20000000000000D+01  0.20000000000000D+01
            0.20000000000000D+01  0.20000000000000D+01  0.20000000000000D+01
            0.20000000000000D+01  0.20000000000000D+01  0.20000000000000D+01
            0.20000000000000D+01  0.20000000000000D+01  0.20000000000000D+01
            0.20000000000000D+01  0.20000000000000D+01  0.20000000000000D+01
            0.20000000000000D+01  0.20000000000000D+01  0.20000000000000D+01
            0.20000000000000D+01  0.20000000000000D+01  0.20000000000000D+01
            0.20000000000000D+01  0.20000000000000D+01  0.20000000000000D+01
            0.20000000000000D+01  0.20000000000000D+01  0.20000000000000D+01
            0.20000000000000D+01  0.20000000000000D+01  0.20000000000000D+01
            0.20000000000000D+01  0.20000000000000D+01  0.20000000000000D+01
            0.20000000000000D+01  0.20000000000000D+01  0.20000000000000D+01
            0.20000000000000D+01  0.20000000000000D+01  0.20000000000000D+01
            0.20000000000000D+01  0.20000000000000D+01  0.20000000000000D+01
            0.20000000000000D+01  0.20000000000000D+01  0.20000000000000D+01
            0.20000000000000D+01  0.20000000000000D+01  0.20000000000000D+01
            0.20000000000000D+01  0.20000000000000D+01  0.20000000000000D+01
            0.20000000000000D+01  0.20000000000000D+01  0.20000000000000D+01
            0.00000000000000D+00  0.00000000000000D+00  0.00000000000000D+00
            0.00000000000000D+00
     rprim  0.10000000000000D+01  0.00000000000000D+00  0.00000000000000D+00
            0.00000000000000D+00  0.10000000000000D+01  0.00000000000000D+00
            0.00000000000000D+00  0.00000000000000D+00  0.10000000000000D+01
  dfpt_sciss  0.00000000000000D+00
    spinat  0.00000000000000D+00  0.00000000000000D+00  0.00000000000000D+00
            0.00000000000000D+00  0.00000000000000D+00  0.00000000000000D+00
            0.00000000000000D+00  0.00000000000000D+00  0.00000000000000D+00
            0.00000000000000D+00  0.00000000000000D+00  0.00000000000000D+00
            0.00000000000000D+00  0.00000000000000D+00  0.00000000000000D+00
            0.00000000000000D+00  0.00000000000000D+00  0.00000000000000D+00
            0.00000000000000D+00  0.00000000000000D+00  0.00000000000000D+00
            0.00000000000000D+00  0.00000000000000D+00  0.00000000000000D+00
            0.00000000000000D+00  0.00000000000000D+00  0.00000000000000D+00
            0.00000000000000D+00  0.00000000000000D+00  0.00000000000000D+00
            0.00000000000000D+00  0.00000000000000D+00  0.00000000000000D+00
            0.00000000000000D+00  0.00000000000000D+00  0.00000000000000D+00
            0.00000000000000D+00  0.00000000000000D+00  0.00000000000000D+00
            0.00000000000000D+00  0.00000000000000D+00  0.00000000000000D+00
            0.00000000000000D+00  0.00000000000000D+00  0.00000000000000D+00
            0.00000000000000D+00  0.00000000000000D+00  0.00000000000000D+00
            0.00000000000000D+00  0.00000000000000D+00  0.00000000000000D+00
            0.00000000000000D+00  0.00000000000000D+00  0.00000000000000D+00
            0.00000000000000D+00  0.00000000000000D+00  0.00000000000000D+00
            0.00000000000000D+00  0.00000000000000D+00  0.00000000000000D+00
            0.00000000000000D+00  0.00000000000000D+00  0.00000000000000D+00
            0.00000000000000D+00  0.00000000000000D+00  0.00000000000000D+00
            0.00000000000000D+00  0.00000000000000D+00  0.00000000000000D+00
            0.00000000000000D+00  0.00000000000000D+00  0.00000000000000D+00
            0.00000000000000D+00  0.00000000000000D+00  0.00000000000000D+00
            0.00000000000000D+00  0.00000000000000D+00  0.00000000000000D+00
            0.00000000000000D+00  0.00000000000000D+00  0.00000000000000D+00
            0.00000000000000D+00  0.00000000000000D+00  0.00000000000000D+00
            0.00000000000000D+00  0.00000000000000D+00  0.00000000000000D+00
            0.00000000000000D+00  0.00000000000000D+00  0.00000000000000D+00
    symafm         1
    symrel         1    0    0    0    1    0    0    0    1
     tnons  0.00000000000000D+00  0.00000000000000D+00  0.00000000000000D+00
    tolwfr  0.10000000000000D+01
   tphysel  0.00000000000000D+00
    tsmear  0.10000000000000D-01
     typat         1    1    1    1    1    1    2    2    2    2    2    2
                   2    2    2    2    2    2    3    3    3    3    3    3
                   3    3    3    3    3    3
       wtk  0.50000000000000D+00  0.50000000000000D+00
      xred  0.00000000000000D+00  0.00000000000000D+00  0.00000000000000D+00
            0.00000000000000D+00  0.00000000000000D+00  0.14468000000000D+00
            0.00000000000000D+00  0.00000000000000D+00  0.28936000000000D+00
            0.50000000000000D+00  0.32204405123952D+00  0.72340000000000D-01
            0.50000000000000D+00  0.32204405123952D+00  0.21702000000000D+00
            0.50000000000000D+00  0.32204405123952D+00  0.36170000000000D+00
            0.86808013086352D+01  0.00000000000000D+00  0.44850000000000D-01
            0.86808013086352D+01  0.00000000000000D+00  0.18953000000000D+00
            0.86808013086352D+01  0.00000000000000D+00  0.33421000000000D+00
            0.69000552944429D+00  0.00000000000000D+00  0.99830000000000D-01
            0.69000552944429D+00  0.00000000000000D+00  0.24451000000000D+00
            0.69000552944429D+00  0.00000000000000D+00  0.38919000000000D+00
            0.19000552944429D+00  0.32204405123952D+00  0.11719000000000D+00
            0.19000552944429D+00  0.32204405123952D+00  0.26187000000000D+00
            0.19000552944429D+00  0.32204405123952D+00  0.40655000000000D+00
            0.80999447055571D+00  0.32204405123952D+00  0.27490000000000D-01
            0.80999447055571D+00  0.32204405123952D+00  0.17217000000000D+00
            0.80999447055571D+00  0.32204405123952D+00  0.31685000000000D+00
            0.19000552944429D+00  0.00000000000000D+00  0.52570666666667D+00
            0.19000552944429D+00  0.00000000000000D+00  0.64824666666667D+00
            0.19000552944429D+00  0.00000000000000D+00  0.77078666666667D+00
            0.42348631462538D+00  0.29945396737628D+00  0.56903166666667D+00
            0.42348631462538D+00  0.29945396737628D+00  0.69157166666667D+00
            0.42348631462538D+00  0.29945396737628D+00  0.81411166666667D+00
            0.42348631462538D+00 -0.29945396737628D+00  0.56903166666667D+00
            0.42348631462538D+00 -0.29945396737628D+00  0.69157166666667D+00
            0.42348631462538D+00 -0.29945396737628D+00  0.81411166666667D+00
            0.00000000000000D+00  0.00000000000000D+00  0.61235500000000D+00
            0.00000000000000D+00  0.00000000000000D+00  0.73489500000000D+00
            0.00000000000000D+00  0.00000000000000D+00  0.85743500000000D+00
     znucl  0.22000000000000D+02  0.80000000000000D+01  0.46000000000000D+02
      zion  0.12000000000000D+02  0.60000000000000D+01  0.18000000000000D+02
 
 No information on the potentials yet 
 
 **** Database of total energy derivatives ****
 Number of data blocks=    2
  
 Total energy                 - # elements :       1
 -0.19584950327770D+04  0.00000000000000D+00
  
 1st derivatives              - # elements :      96
   1   1  0.92709446287646D+01  0.00000000000000D+00
   2   1 -0.56534806541913D+01  0.00000000000000D+00
   3   1 -0.75814539412369D+03  0.00000000000000D+00
   1   2  0.69730081949226D+00  0.00000000000000D+00
   2   2 -0.60677146914547D+00  0.00000000000000D+00
   3   2 -0.28962648854700D+02  0.00000000000000D+00
   1   3 -0.10955408498388D+01  0.00000000000000D+00
   2   3 -0.73885655123301D+00  0.00000000000000D+00
   3   3  0.19462081216335D+03  0.00000000000000D+00
   1   4 -0.14803535071059D+01  0.00000000000000D+00
   2   4  0.10965718731342D+01  0.00000000000000D+00
   3   4 -0.23805047043925D+03  0.00000000000000D+00
   1   5 -0.36348989584087D+01  0.00000000000000D+00
   2   5  0.24428930120366D+01  0.00000000000000D+00
   3   5  0.67775186662829D+02  0.00000000000000D+00
   1   6  0.18268740864389D+01  0.00000000000000D+00
   2   6 -0.35777943880525D+01  0.00000000000000D+00
   3   6  0.17919896661188D+03  0.00000000000000D+00
   1   7 -0.11531534939290D+01  0.00000000000000D+00
   2   7  0.65811225950789D+01  0.00000000000000D+00
   3   7  0.43725767392540D+03  0.00000000000000D+00
   1   8  0.18108181474817D+01  0.00000000000000D+00
   2   8  0.23876797382990D+01  0.00000000000000D+00
   3   8 -0.14205982233265D+02  0.00000000000000D+00
   1   9 -0.67061260635694D+00  0.00000000000000D+00
   2   9  0.14442503338789D+01  0.00000000000000D+00
   3   9 -0.11473857203559D+03  0.00000000000000D+00
   1  10  0.10826053615861D+01  0.00000000000000D+00
   2  10  0.29244055846876D+01  0.00000000000000D+00
   3  10  0.21906777947269D+03  0.00000000000000D+00
   1  11  0.62184252639472D+00  0.00000000000000D+00
   2  11 -0.63351602680308D-01  0.00000000000000D+00
   3  11 -0.10923632240073D+03  0.00000000000000D+00
   1  12 -0.10702093365439D+01  0.00000000000000D+00
   2  12  0.15970365188196D+01  0.00000000000000D+00
   3  12 -0.10366730862715D+03  0.00000000000000D+00
   1  13 -0.27252629424490D+01  0.00000000000000D+00
   2  13 -0.36011093925191D+01  0.00000000000000D+00
   3  13  0.21748527416044D+03  0.00000000000000D+00
   1  14 -0.81899079574597D+00  0.00000000000000D+00
   2  14 -0.89924410628114D-01  0.00000000000000D+00
   3  14 -0.10282263337752D+03  0.00000000000000D+00
   1  15  0.13219435299915D+01  0.00000000000000D+00
   2  15  0.33890420632251D+00  0.00000000000000D+00
   3  15 -0.30602382195905D+03  0.00000000000000D+00
   1  16 -0.66338867293020D+01  0.00000000000000D+00
   2  16 -0.26412471507657D+01  0.00000000000000D+00
   3  16  0.43201199295586D+03  0.00000000000000D+00
   1  17  0.11934888453673D+01  0.00000000000000D+00
   2  17 -0.31646440754250D+01  0.00000000000000D+00
   3  17 -0.18323793854759D+01  0.00000000000000D+00
   1  18  0.13779305375811D+00  0.00000000000000D+00
   2  18 -0.59161368473016D+00  0.00000000000000D+00
   3  18 -0.10621824596835D+03  0.00000000000000D+00
   1  19  0.26878417036822D+00  0.00000000000000D+00
   2  19  0.19140008834609D-01  0.00000000000000D+00
   3  19 -0.32490116710048D+01  0.00000000000000D+00
   1  20 -0.72566362689751D+01  0.00000000000000D+00
   2  20 -0.28221588260025D+00  0.00000000000000D+00
   3  20  0.12576496830161D+03  0.00000000000000D+00
   1  21 -0.37677661397594D+01  0.00000000000000D+00
   2  21 -0.59486576168346D+00  0.00000000000000D+00
   3  21 -0.84065032860593D+02  0.00000000000000D+00
   1  22 -0.70432048151815D+00  0.00000000000000D+00
   2  22  0.67409137403029D+01  0.00000000000000D+00
   3  22  0.91026631220814D+02  0.00000000000000D+00
   1  23 -0.32411912693043D+01  0.00000000000000D+00
   2  23  0.74052064013098D+01  0.00000000000000D+00
   3  23  0.42561030268047D+01  0.00000000000000D+00
   1  24 -0.21452405683465D+01  0.00000000000000D+00
   2  24  0.93799816892574D+01  0.00000000000000D+00
   3  24 -0.34402616999063D+02  0.00000000000000D+00
   1  25 -0.61586942298208D+00  0.00000000000000D+00
   2  25 -0.68480425934350D+01  0.00000000000000D+00
   3  25  0.94570330370538D+02  0.00000000000000D+00
   1  26 -0.37915364364172D+01  0.00000000000000D+00
   2  26 -0.72704888165792D+01  0.00000000000000D+00
   3  26  0.35767228343178D+01  0.00000000000000D+00
   1  27 -0.19290863144154D+01  0.00000000000000D+00
   2  27 -0.91958673487873D+01  0.00000000000000D+00
   3  27 -0.31818998844791D+02  0.00000000000000D+00
   1  28  0.14556183169548D+02  0.00000000000000D+00
   2  28  0.15280064444784D+00  0.00000000000000D+00
   3  28  0.39882215300308D+02  0.00000000000000D+00
   1  29  0.10095609441808D+02  0.00000000000000D+00
   2  29  0.49906696879761D+00  0.00000000000000D+00
   3  29 -0.28929454190685D+02  0.00000000000000D+00
   1  30 -0.40967301404982D+00  0.00000000000000D+00
   2  30 -0.38600443407022D-01  0.00000000000000D+00
   3  30 -0.51786605763265D+02  0.00000000000000D+00
   1  33 -0.47228292532117D-01  0.00000000000000D+00
   2  33 -0.47484092155830D-01  0.00000000000000D+00
   3  33  0.34816706614272D-01  0.00000000000000D+00
   1  34  0.47065483207712D-03  0.00000000000000D+00
   2  34 -0.73411286758864D-03  0.00000000000000D+00
   3  34 -0.16316227380053D-03  0.00000000000000D+00
