 Fermi (or HOMO) energy (hartree) =  -0.11301   Average Vxc (hartree)=  -0.37072
 Eigenvalues (hartree) for nkpt=   8  k points:
 kpt#   1, nband= 17, wtk=  0.12500, kpt= -0.2500  0.5000  0.0000 (reduced coord)
  -0.72407   -0.72406   -0.71799   -0.71798   -0.24943   -0.24940   -0.23842   -0.23841
  -0.21252   -0.21249   -0.19709   -0.19708   -0.16072   -0.16071   -0.14989   -0.14987
  -0.03154
 kpt#   2, nband= 17, wtk=  0.12500, kpt=  0.5000 -0.2500  0.0000 (reduced coord)
  -0.73244   -0.73244   -0.71605   -0.71605   -0.24610   -0.24609   -0.23073   -0.23072
  -0.21764   -0.21763   -0.19378   -0.19378   -0.16445   -0.16444   -0.12978   -0.12978
  -0.02690
 kpt#   3, nband= 17, wtk=  0.25000, kpt= -0.2500 -0.2500  0.2500 (reduced coord)
  -0.73892   -0.72424   -0.71726   -0.71628   -0.26426   -0.24327   -0.23925   -0.22998
  -0.21742   -0.19954   -0.19251   -0.18544   -0.16981   -0.15092   -0.14244   -0.12392
  -0.03601
 kpt#   4, nband= 17, wtk=  0.12500, kpt= -0.2500  0.0000  0.0000 (reduced coord)
  -0.75239   -0.72615   -0.71511   -0.71452   -0.28088   -0.25492   -0.23119   -0.21425
  -0.21419   -0.20037   -0.19475   -0.17070   -0.14755   -0.13984   -0.12906   -0.11301
  -0.03293
 kpt#   5, nband= 17, wtk=  0.12500, kpt=  0.5000  0.5000  0.2500 (reduced coord)
  -0.72230   -0.72230   -0.71948   -0.71948   -0.26100   -0.26096   -0.24099   -0.24096
  -0.21137   -0.21136   -0.19727   -0.19726   -0.14981   -0.14980   -0.13164   -0.13163
  -0.03369
 kpt#   6, nband= 17, wtk=  0.06250, kpt=  0.0000 -0.2500  0.0000 (reduced coord)
  -0.74588   -0.71795   -0.71606   -0.71606   -0.27095   -0.24850   -0.22789   -0.22788
  -0.22230   -0.21461   -0.18757   -0.17179   -0.17179   -0.14919   -0.14919   -0.11884
  -0.03474
 kpt#   7, nband= 17, wtk=  0.06250, kpt=  0.5000 -0.2500  0.5000 (reduced coord)
  -0.72998   -0.72998   -0.71846   -0.71846   -0.26457   -0.26456   -0.24229   -0.24227
  -0.19407   -0.19406   -0.16845   -0.16845   -0.15397   -0.15396   -0.15342   -0.15342
  -0.02265
 kpt#   8, nband= 17, wtk=  0.12500, kpt=  0.5000  0.0000  0.2500 (reduced coord)
  -0.73852   -0.73852   -0.71625   -0.71625   -0.26757   -0.26757   -0.21586   -0.21585
  -0.20304   -0.20304   -0.17461   -0.17461   -0.15525   -0.15525   -0.13653   -0.13652
  -0.03100
