
 **** DERIVATIVE DATABASE ****    
+DDB, Version number    100401

  Note : temporary (transfer) database

    usepaw         0
     natom        10
      nkpt         2
    nsppol         1
      nsym         1
    ntypat         3
    occopt         1
     nband        62
     acell  0.86808000000000D+01  0.86808000000000D+01  0.45000000000000D+02
       amu  0.47880000000000D+02  0.15999400000000D+02  0.10642000000000D+03
   dilatmx  0.10000000000000D+01
      ecut  0.60000000000000D+02
    ecutsm  0.00000000000000D+00
     intxc         0
      iscf         7
       ixc        11
       kpt  0.12500000000000D+00  0.50000000000000D+00  0.50000000000000D+00
            0.37500000000000D+00  0.50000000000000D+00  0.50000000000000D+00
    kptnrm  0.10000000000000D+01
     ngfft        64   64  320
    nspden         1
   nspinor         1
       occ  0.20000000000000D+01  0.20000000000000D+01  0.20000000000000D+01
            0.20000000000000D+01  0.20000000000000D+01  0.20000000000000D+01
            0.20000000000000D+01  0.20000000000000D+01  0.20000000000000D+01
            0.20000000000000D+01  0.20000000000000D+01  0.20000000000000D+01
            0.20000000000000D+01  0.20000000000000D+01  0.20000000000000D+01
            0.20000000000000D+01  0.20000000000000D+01  0.20000000000000D+01
            0.20000000000000D+01  0.20000000000000D+01  0.20000000000000D+01
            0.20000000000000D+01  0.20000000000000D+01  0.20000000000000D+01
            0.20000000000000D+01  0.20000000000000D+01  0.20000000000000D+01
            0.20000000000000D+01  0.20000000000000D+01  0.20000000000000D+01
            0.20000000000000D+01  0.20000000000000D+01  0.20000000000000D+01
            0.20000000000000D+01  0.20000000000000D+01  0.20000000000000D+01
            0.20000000000000D+01  0.20000000000000D+01  0.20000000000000D+01
            0.20000000000000D+01  0.20000000000000D+01  0.20000000000000D+01
            0.20000000000000D+01  0.20000000000000D+01  0.20000000000000D+01
            0.20000000000000D+01  0.20000000000000D+01  0.20000000000000D+01
            0.20000000000000D+01  0.20000000000000D+01  0.20000000000000D+01
            0.20000000000000D+01  0.20000000000000D+01  0.20000000000000D+01
            0.20000000000000D+01  0.20000000000000D+01  0.20000000000000D+01
            0.20000000000000D+01  0.20000000000000D+01  0.20000000000000D+01
            0.00000000000000D+00  0.00000000000000D+00
     rprim  0.10000000000000D+01  0.00000000000000D+00  0.00000000000000D+00
            0.00000000000000D+00  0.10000000000000D+01  0.00000000000000D+00
            0.00000000000000D+00  0.00000000000000D+00  0.10000000000000D+01
  dfpt_sciss  0.00000000000000D+00
    spinat  0.00000000000000D+00  0.00000000000000D+00  0.00000000000000D+00
            0.00000000000000D+00  0.00000000000000D+00  0.00000000000000D+00
            0.00000000000000D+00  0.00000000000000D+00  0.00000000000000D+00
            0.00000000000000D+00  0.00000000000000D+00  0.00000000000000D+00
            0.00000000000000D+00  0.00000000000000D+00  0.00000000000000D+00
            0.00000000000000D+00  0.00000000000000D+00  0.00000000000000D+00
            0.00000000000000D+00  0.00000000000000D+00  0.00000000000000D+00
            0.00000000000000D+00  0.00000000000000D+00  0.00000000000000D+00
            0.00000000000000D+00  0.00000000000000D+00  0.00000000000000D+00
            0.00000000000000D+00  0.00000000000000D+00  0.00000000000000D+00
    symafm         1
    symrel         1    0    0    0    1    0    0    0    1
     tnons  0.00000000000000D+00  0.00000000000000D+00  0.00000000000000D+00
    tolwfr  0.10000000000000D+01
   tphysel  0.00000000000000D+00
    tsmear  0.10000000000000D-01
     typat         1    1    2    2    2    2    3    3    3    3
       wtk  0.50000000000000D+00  0.50000000000000D+00
      xred  0.00000000000000D+00  0.00000000000000D+00  0.00000000000000D+00
            0.50000000000000D+00  0.32204405123952D+00  0.96453333333333D-01
            0.86808013086352D+01  0.00000000000000D+00  0.59800000000000D-01
            0.69000552944429D+00  0.00000000000000D+00  0.13310666666667D+00
            0.19000552944429D+00  0.32204405123952D+00  0.15625333333333D+00
            0.80999447055571D+00  0.32204405123952D+00  0.36653333333333D-01
            0.19000552944429D+00  0.00000000000000D+00  0.31512888888889D+00
            0.42348631462538D+00  0.29945396737628D+00  0.37289555555556D+00
            0.42348631462538D+00 -0.29945396737628D+00  0.37289555555556D+00
            0.00000000000000D+00  0.00000000000000D+00  0.43066000000000D+00
     znucl  0.22000000000000D+02  0.80000000000000D+01  0.46000000000000D+02
      zion  0.12000000000000D+02  0.60000000000000D+01  0.18000000000000D+02
 
 No information on the potentials yet 
 
 **** Database of total energy derivatives ****
 Number of data blocks=    2
  
 Total energy                 - # elements :       1
 -0.69366005511070D+03  0.00000000000000D+00
  
 1st derivatives              - # elements :      36
   1   1  0.68561283915536D+01  0.00000000000000D+00
   2   1 -0.35255065940738D+01  0.00000000000000D+00
   3   1 -0.14799311243120D+03  0.00000000000000D+00
   1   2 -0.28433324004767D+01  0.00000000000000D+00
   2   2 -0.14632638957821D+01  0.00000000000000D+00
   3   2 -0.25786630379600D+02  0.00000000000000D+00
   1   3 -0.69525709587880D-01  0.00000000000000D+00
   2   3  0.66427619035924D+01  0.00000000000000D+00
   3   3  0.97826777251060D+02  0.00000000000000D+00
   1   4 -0.87394359032006D+00  0.00000000000000D+00
   2   4  0.44560082769714D+01  0.00000000000000D+00
   3   4 -0.54098927417354D+02  0.00000000000000D+00
   1   5  0.13669332957754D+01  0.00000000000000D+00
   2   5 -0.18479804050825D+01  0.00000000000000D+00
   3   5 -0.82141657941109D+02  0.00000000000000D+00
   1   6 -0.44911594509529D+01  0.00000000000000D+00
   2   6 -0.30612058952502D+01  0.00000000000000D+00
   3   6  0.97793724505467D+02  0.00000000000000D+00
   1   7  0.18585392819488D+01  0.00000000000000D+00
   2   7 -0.91644226518232D+00  0.00000000000000D+00
   3   7  0.51352769158440D+02  0.00000000000000D+00
   1   8 -0.52190278610213D+00  0.00000000000000D+00
   2   8  0.15959908999323D+01  0.00000000000000D+00
   3   8  0.20488494313061D+02  0.00000000000000D+00
   1   9 -0.37500388289725D+00  0.00000000000000D+00
   2   9 -0.13409750267244D+01  0.00000000000000D+00
   3   9  0.21110815068319D+02  0.00000000000000D+00
   1  10 -0.63586263042082D+00  0.00000000000000D+00
   2  10  0.60956215836976D-01  0.00000000000000D+00
   3  10  0.94382487632506D+01  0.00000000000000D+00
   1  13 -0.35556466844303D-02  0.00000000000000D+00
   2  13 -0.42308023284312D-02  0.00000000000000D+00
   3  13  0.76590375486186D-02  0.00000000000000D+00
   1  14  0.17474770455497D-03  0.00000000000000D+00
   2  14  0.90197744958875D-03  0.00000000000000D+00
   3  14  0.28778147085856D-03  0.00000000000000D+00
