 Fermi (or HOMO) energy (hartree) =   0.22287   Average Vxc (hartree)=  -0.20280
 Eigenvalues (hartree) for nkpt=   2  k points:
 kpt#   1, nband= 62, wtk=  0.50000, kpt=  0.1250  0.5000  0.5000 (reduced coord)
  -3.30605   -3.24044   -3.22133   -3.16782   -2.11252   -2.05071   -2.04222   -2.00161
  -1.98578   -1.98021   -1.97738   -1.96958   -1.95974   -1.95797   -1.92041   -1.91910
  -1.91472   -1.78948   -1.13390   -1.12388   -1.10286   -0.94557   -0.93632   -0.91283
  -0.44224   -0.42491   -0.40275   -0.38776   -0.34338   -0.33935   -0.31734   -0.31495
  -0.30781   -0.29706   -0.28575   -0.27327   -0.26449   -0.24878   -0.22898   -0.21941
  -0.21218   -0.19659   -0.19374   -0.18977   -0.18839   -0.17389   -0.16833   -0.16440
  -0.11991   -0.10123    0.03411    0.04790    0.06069    0.06730    0.09083    0.09579
   0.11290    0.14964    0.17212    0.20443    0.23927    0.29243
 kpt#   2, nband= 62, wtk=  0.50000, kpt=  0.3750  0.5000  0.5000 (reduced coord)
  -3.30606   -3.24045   -3.22133   -3.16782   -2.11253   -2.05071   -2.04222   -2.00162
  -1.98579   -1.98020   -1.97739   -1.96958   -1.95975   -1.95796   -1.92041   -1.91910
  -1.91472   -1.78949   -1.13389   -1.12390   -1.10297   -0.94559   -0.93637   -0.91292
  -0.44175   -0.42523   -0.40326   -0.38620   -0.33925   -0.33729   -0.31586   -0.31513
  -0.30562   -0.29765   -0.27451   -0.26772   -0.25095   -0.24094   -0.23694   -0.22636
  -0.22179   -0.19956   -0.19637   -0.18902   -0.18838   -0.17368   -0.17079   -0.15426
  -0.12133    0.01156    0.04504    0.05513    0.07242    0.08147    0.09668    0.11210
   0.13039    0.16180    0.17205    0.22287    0.23182    0.28387
