
 **** DERIVATIVE DATABASE ****    
+DDB, Version number    100401

  Note : temporary (transfer) database

    usepaw         0
     natom         6
      nkpt         8
    nsppol         1
      nsym         8
    ntypat         2
    occopt         1
     nband        17
     acell  0.86808000000000D+01  0.86808000000000D+01  0.55911000000000D+01
       amu  0.47880000000000D+02  0.15999400000000D+02
   dilatmx  0.12000000000000D+01
      ecut  0.80000000000000D+01
    ecutsm  0.50000000000000D+00
     intxc         0
      iscf         7
       ixc         1
       kpt  0.00000000000000D+00  0.25000000000000D+00  0.00000000000000D+00
            0.25000000000000D+00  0.50000000000000D+00  0.00000000000000D+00
            0.00000000000000D+00  0.00000000000000D+00  0.25000000000000D+00
            0.00000000000000D+00  0.50000000000000D+00  0.25000000000000D+00
            0.25000000000000D+00  0.25000000000000D+00  0.25000000000000D+00
            0.50000000000000D+00  0.50000000000000D+00  0.25000000000000D+00
            0.00000000000000D+00  0.25000000000000D+00  0.50000000000000D+00
            0.25000000000000D+00  0.50000000000000D+00  0.50000000000000D+00
    kptnrm  0.10000000000000D+01
     ngfft        30   30   18
    nspden         1
   nspinor         1
       occ  0.20000000000000D+01  0.20000000000000D+01  0.20000000000000D+01
            0.20000000000000D+01  0.20000000000000D+01  0.20000000000000D+01
            0.20000000000000D+01  0.20000000000000D+01  0.20000000000000D+01
            0.20000000000000D+01  0.20000000000000D+01  0.20000000000000D+01
            0.20000000000000D+01  0.20000000000000D+01  0.20000000000000D+01
            0.20000000000000D+01  0.00000000000000D+00
     rprim  0.10000000000000D+01  0.00000000000000D+00  0.00000000000000D+00
            0.00000000000000D+00  0.10000000000000D+01  0.00000000000000D+00
            0.00000000000000D+00  0.00000000000000D+00  0.10000000000000D+01
  dfpt_sciss  0.00000000000000D+00
    spinat  0.00000000000000D+00  0.00000000000000D+00  0.00000000000000D+00
            0.00000000000000D+00  0.00000000000000D+00  0.00000000000000D+00
            0.00000000000000D+00  0.00000000000000D+00  0.00000000000000D+00
            0.00000000000000D+00  0.00000000000000D+00  0.00000000000000D+00
            0.00000000000000D+00  0.00000000000000D+00  0.00000000000000D+00
            0.00000000000000D+00  0.00000000000000D+00  0.00000000000000D+00
    symafm         1    1    1    1    1    1    1    1
    symrel         1    0    0    0    1    0    0    0    1
                  -1    0    0    0    1    0    0    0   -1
                  -1    0    0    0   -1    0    0    0    1
                   1    0    0    0   -1    0    0    0   -1
                   0    1    0    1    0    0    0    0    1
                   0   -1    0    1    0    0    0    0   -1
                   0   -1    0   -1    0    0    0    0    1
                   0    1    0   -1    0    0    0    0   -1
     tnons  0.00000000000000D+00  0.00000000000000D+00  0.00000000000000D+00
            0.50000000000000D+00  0.50000000000000D+00 -0.49999105721593D+00
            0.00000000000000D+00  0.00000000000000D+00  0.00000000000000D+00
            0.50000000000000D+00  0.50000000000000D+00 -0.49999105721593D+00
            0.00000000000000D+00  0.00000000000000D+00  0.00000000000000D+00
            0.50000000000000D+00  0.50000000000000D+00 -0.49999105721593D+00
            0.00000000000000D+00  0.00000000000000D+00  0.00000000000000D+00
            0.50000000000000D+00  0.50000000000000D+00 -0.49999105721593D+00
    tolwfr  0.10000000000000D+01
   tphysel  0.00000000000000D+00
    tsmear  0.10000000000000D-01
     typat         1    1    2    2    2    2
       wtk  0.12500000000000D+00  0.12500000000000D+00  0.62500000000000D-01
            0.12500000000000D+00  0.25000000000000D+00  0.62500000000000D-01
            0.12500000000000D+00  0.12500000000000D+00
      xred -0.10555428900671D-18 -0.17257289459073D-20  0.57408768725345D-05
            0.50000000000000D+00  0.50000000000000D+00  0.50000320190720D+00
            0.30026900813087D+00  0.30026900813087D+00  0.43827296303986D-05
            0.69973099186913D+00  0.69973099186913D+00  0.43827296303986D-05
            0.19973099186913D+00  0.80026900813087D+00  0.50000456005444D+00
            0.80026900813087D+00  0.19973099186913D+00  0.50000456005444D+00
     znucl  0.22000000000000D+02  0.80000000000000D+01
      zion  0.40000000000000D+01  0.60000000000000D+01
 
 No information on the potentials yet 
 
 **** Database of total energy derivatives ****
 Number of data blocks=    2
  
 Total energy                 - # elements :       1
 -0.68828546810532D+02  0.00000000000000D+00
  
 1st derivatives              - # elements :      24
   1   1  0.15777218104420D-29  0.00000000000000D+00
   2   1  0.31554436208840D-29  0.00000000000000D+00
   3   1  0.57070018382923D-05  0.00000000000000D+00
   1   2  0.31554436208840D-29  0.00000000000000D+00
   2   2  0.31554436208840D-29  0.00000000000000D+00
   3   2 -0.57070018382923D-05  0.00000000000000D+00
   1   3 -0.49075876556539D-04  0.00000000000000D+00
   2   3 -0.49075876556539D-04  0.00000000000000D+00
   3   3 -0.29710437026734D-06  0.00000000000000D+00
   1   4  0.49075876556539D-04  0.00000000000000D+00
   2   4  0.49075876556539D-04  0.00000000000000D+00
   3   4 -0.29710437026734D-06  0.00000000000000D+00
   1   5  0.49075876556539D-04  0.00000000000000D+00
   2   5 -0.49075876556539D-04  0.00000000000000D+00
   3   5  0.29710437026734D-06  0.00000000000000D+00
   1   6 -0.49075876556539D-04  0.00000000000000D+00
   2   6  0.49075876556539D-04  0.00000000000000D+00
   3   6  0.29710437026734D-06  0.00000000000000D+00
   1   9  0.25272055155457D-03  0.00000000000000D+00
   2   9  0.25272055155457D-03  0.00000000000000D+00
   3   9 -0.50489701983135D-03  0.00000000000000D+00
   1  10  0.00000000000000D+00  0.00000000000000D+00
   2  10  0.00000000000000D+00  0.00000000000000D+00
   3  10  0.00000000000000D+00  0.00000000000000D+00
