 Fermi (or HOMO) energy (hartree) =   0.37462   Average Vxc (hartree)=  -0.32632
 Eigenvalues (hartree) for nkpt=   2  k points:
 kpt#   1, nband=123, wtk=  0.50000, kpt=  0.1250  0.5000  0.5000 (reduced coord)
  -3.01487   -2.75831   -2.71877   -2.70390   -2.69030   -2.64604   -2.60248   -2.59011
  -2.35188   -2.25075   -2.21132   -2.17063   -1.88788   -1.67202   -1.64137   -1.53518
  -1.52128   -1.50609   -1.49509   -1.47616   -1.47306   -1.46781   -1.45910   -1.45048
  -1.44754   -1.44006   -1.43912   -1.43609   -1.39745   -1.39147   -1.38911   -1.38733
  -1.38209   -1.37372   -1.36575   -1.36273   -1.36104   -1.35761   -1.35051   -1.34852
  -1.34660   -1.34446   -1.34334   -1.33391   -1.33390   -1.31169   -1.30728   -1.29679
  -0.95599   -0.84825   -0.76740   -0.69303   -0.64928   -0.58126   -0.54811   -0.51008
  -0.41704   -0.38352   -0.36763   -0.31921   -0.30592   -0.27963   -0.24171   -0.23120
  -0.22891   -0.21202   -0.20201   -0.18040   -0.16892   -0.14247   -0.13286   -0.11581
  -0.10754   -0.09375   -0.09281   -0.07457   -0.06905   -0.06054   -0.04942   -0.04384
  -0.03169   -0.02443    0.00023    0.02233    0.06723    0.06949    0.09496    0.17853
   0.19262    0.19697    0.20198    0.20514    0.21008    0.21264    0.22447    0.23185
   0.23719    0.24368    0.24600    0.25389    0.26160    0.26911    0.27233    0.27389
   0.28058    0.28735    0.29358    0.30153    0.30616    0.30893    0.31673    0.33138
   0.33256    0.34003    0.34522    0.34828    0.35972    0.36443    0.36999    0.37315
   0.37934    0.39443    0.44651
 kpt#   2, nband=123, wtk=  0.50000, kpt=  0.3750  0.5000  0.5000 (reduced coord)
  -3.01487   -2.75831   -2.71876   -2.70389   -2.69031   -2.64602   -2.60249   -2.59011
  -2.35188   -2.25075   -2.21132   -2.17063   -1.88788   -1.67203   -1.64138   -1.53515
  -1.52128   -1.50611   -1.49509   -1.47618   -1.47306   -1.46782   -1.45910   -1.45048
  -1.44755   -1.44006   -1.43910   -1.43609   -1.39741   -1.39154   -1.38912   -1.38729
  -1.38211   -1.37374   -1.36564   -1.36272   -1.36093   -1.35763   -1.35052   -1.34851
  -1.34661   -1.34447   -1.34332   -1.33394   -1.33387   -1.31176   -1.30730   -1.29681
  -0.95590   -0.84811   -0.76703   -0.69277   -0.64930   -0.57972   -0.54997   -0.51046
  -0.41699   -0.38451   -0.36771   -0.31930   -0.30765   -0.27895   -0.24352   -0.23389
  -0.22910   -0.21459   -0.20164   -0.18245   -0.16752   -0.14061   -0.13037   -0.11518
  -0.09606   -0.09356   -0.08873   -0.07457   -0.07399   -0.05972   -0.05163   -0.04895
  -0.03455   -0.02592    0.02924    0.06500    0.07275    0.07723    0.15715    0.19261
   0.19672    0.20093    0.20234    0.20668    0.21685    0.22639    0.23108    0.23960
   0.24198    0.24420    0.26278    0.26770    0.27290    0.28124    0.28413    0.28537
   0.29533    0.30074    0.30411    0.31307    0.31597    0.31726    0.32337    0.33236
   0.33581    0.34251    0.34416    0.35057    0.35786    0.36068    0.37273    0.37462
   0.38209    0.39060    0.44029
