
 **** DERIVATIVE DATABASE ****    
+DDB, Version number    100401

  Note : temporary (transfer) database

    usepaw         0
     natom        20
      nkpt         2
    nsppol         1
      nsym         1
    ntypat         3
    occopt         1
     nband       123
     acell  0.86808000000000D+01  0.86808000000000D+01  0.45000000000000D+02
       amu  0.47880000000000D+02  0.15999400000000D+02  0.10642000000000D+03
   dilatmx  0.10000000000000D+01
      ecut  0.60000000000000D+02
    ecutsm  0.00000000000000D+00
     intxc         0
      iscf         7
       ixc        11
       kpt  0.12500000000000D+00  0.50000000000000D+00  0.50000000000000D+00
            0.37500000000000D+00  0.50000000000000D+00  0.50000000000000D+00
    kptnrm  0.10000000000000D+01
     ngfft        64   64  320
    nspden         1
   nspinor         1
       occ  0.20000000000000D+01  0.20000000000000D+01  0.20000000000000D+01
            0.20000000000000D+01  0.20000000000000D+01  0.20000000000000D+01
            0.20000000000000D+01  0.20000000000000D+01  0.20000000000000D+01
            0.20000000000000D+01  0.20000000000000D+01  0.20000000000000D+01
            0.20000000000000D+01  0.20000000000000D+01  0.20000000000000D+01
            0.20000000000000D+01  0.20000000000000D+01  0.20000000000000D+01
            0.20000000000000D+01  0.20000000000000D+01  0.20000000000000D+01
            0.20000000000000D+01  0.20000000000000D+01  0.20000000000000D+01
            0.20000000000000D+01  0.20000000000000D+01  0.20000000000000D+01
            0.20000000000000D+01  0.20000000000000D+01  0.20000000000000D+01
            0.20000000000000D+01  0.20000000000000D+01  0.20000000000000D+01
            0.20000000000000D+01  0.20000000000000D+01  0.20000000000000D+01
            0.20000000000000D+01  0.20000000000000D+01  0.20000000000000D+01
            0.20000000000000D+01  0.20000000000000D+01  0.20000000000000D+01
            0.20000000000000D+01  0.20000000000000D+01  0.20000000000000D+01
            0.20000000000000D+01  0.20000000000000D+01  0.20000000000000D+01
            0.20000000000000D+01  0.20000000000000D+01  0.20000000000000D+01
            0.20000000000000D+01  0.20000000000000D+01  0.20000000000000D+01
            0.20000000000000D+01  0.20000000000000D+01  0.20000000000000D+01
            0.20000000000000D+01  0.20000000000000D+01  0.20000000000000D+01
            0.20000000000000D+01  0.20000000000000D+01  0.20000000000000D+01
            0.20000000000000D+01  0.20000000000000D+01  0.20000000000000D+01
            0.20000000000000D+01  0.20000000000000D+01  0.20000000000000D+01
            0.20000000000000D+01  0.20000000000000D+01  0.20000000000000D+01
            0.20000000000000D+01  0.20000000000000D+01  0.20000000000000D+01
            0.20000000000000D+01  0.20000000000000D+01  0.20000000000000D+01
            0.20000000000000D+01  0.20000000000000D+01  0.20000000000000D+01
            0.20000000000000D+01  0.20000000000000D+01  0.20000000000000D+01
            0.20000000000000D+01  0.20000000000000D+01  0.20000000000000D+01
            0.20000000000000D+01  0.20000000000000D+01  0.20000000000000D+01
            0.20000000000000D+01  0.20000000000000D+01  0.20000000000000D+01
            0.20000000000000D+01  0.20000000000000D+01  0.20000000000000D+01
            0.20000000000000D+01  0.20000000000000D+01  0.20000000000000D+01
            0.20000000000000D+01  0.20000000000000D+01  0.20000000000000D+01
            0.20000000000000D+01  0.20000000000000D+01  0.20000000000000D+01
            0.20000000000000D+01  0.20000000000000D+01  0.20000000000000D+01
            0.20000000000000D+01  0.20000000000000D+01  0.20000000000000D+01
            0.20000000000000D+01  0.20000000000000D+01  0.20000000000000D+01
            0.20000000000000D+01  0.20000000000000D+01  0.20000000000000D+01
            0.20000000000000D+01  0.20000000000000D+01  0.20000000000000D+01
            0.00000000000000D+00  0.00000000000000D+00  0.00000000000000D+00
     rprim  0.10000000000000D+01  0.00000000000000D+00  0.00000000000000D+00
            0.00000000000000D+00  0.10000000000000D+01  0.00000000000000D+00
            0.00000000000000D+00  0.00000000000000D+00  0.10000000000000D+01
  dfpt_sciss  0.00000000000000D+00
    spinat  0.00000000000000D+00  0.00000000000000D+00  0.00000000000000D+00
            0.00000000000000D+00  0.00000000000000D+00  0.00000000000000D+00
            0.00000000000000D+00  0.00000000000000D+00  0.00000000000000D+00
            0.00000000000000D+00  0.00000000000000D+00  0.00000000000000D+00
            0.00000000000000D+00  0.00000000000000D+00  0.00000000000000D+00
            0.00000000000000D+00  0.00000000000000D+00  0.00000000000000D+00
            0.00000000000000D+00  0.00000000000000D+00  0.00000000000000D+00
            0.00000000000000D+00  0.00000000000000D+00  0.00000000000000D+00
            0.00000000000000D+00  0.00000000000000D+00  0.00000000000000D+00
            0.00000000000000D+00  0.00000000000000D+00  0.00000000000000D+00
            0.00000000000000D+00  0.00000000000000D+00  0.00000000000000D+00
            0.00000000000000D+00  0.00000000000000D+00  0.00000000000000D+00
            0.00000000000000D+00  0.00000000000000D+00  0.00000000000000D+00
            0.00000000000000D+00  0.00000000000000D+00  0.00000000000000D+00
            0.00000000000000D+00  0.00000000000000D+00  0.00000000000000D+00
            0.00000000000000D+00  0.00000000000000D+00  0.00000000000000D+00
            0.00000000000000D+00  0.00000000000000D+00  0.00000000000000D+00
            0.00000000000000D+00  0.00000000000000D+00  0.00000000000000D+00
            0.00000000000000D+00  0.00000000000000D+00  0.00000000000000D+00
            0.00000000000000D+00  0.00000000000000D+00  0.00000000000000D+00
    symafm         1
    symrel         1    0    0    0    1    0    0    0    1
     tnons  0.00000000000000D+00  0.00000000000000D+00  0.00000000000000D+00
    tolwfr  0.10000000000000D+01
   tphysel  0.00000000000000D+00
    tsmear  0.10000000000000D-01
     typat         1    1    1    1    2    2    2    2    2    2    2    2
                   3    3    3    3    3    3    3    3
       wtk  0.50000000000000D+00  0.50000000000000D+00
      xred  0.00000000000000D+00  0.00000000000000D+00  0.00000000000000D+00
            0.00000000000000D+00  0.00000000000000D+00  0.19290666666667D+00
            0.50000000000000D+00  0.32204405123952D+00  0.96453333333333D-01
            0.50000000000000D+00  0.32204405123952D+00  0.28936000000000D+00
            0.86808013086352D+01  0.00000000000000D+00  0.59800000000000D-01
            0.86808013086352D+01  0.00000000000000D+00  0.25270666666667D+00
            0.69000552944429D+00  0.00000000000000D+00  0.13310666666667D+00
            0.69000552944429D+00  0.00000000000000D+00  0.32601333333333D+00
            0.19000552944429D+00  0.32204405123952D+00  0.15625333333333D+00
            0.19000552944429D+00  0.32204405123952D+00  0.34916000000000D+00
            0.80999447055571D+00  0.32204405123952D+00  0.36653333333333D-01
            0.80999447055571D+00  0.32204405123952D+00  0.22956000000000D+00
            0.19000552944429D+00  0.00000000000000D+00  0.50803555555556D+00
            0.19000552944429D+00  0.00000000000000D+00  0.67142222222222D+00
            0.42348631462538D+00  0.29945396737628D+00  0.56580222222222D+00
            0.42348631462538D+00  0.29945396737628D+00  0.72918888888889D+00
            0.42348631462538D+00 -0.29945396737628D+00  0.56580222222222D+00
            0.42348631462538D+00 -0.29945396737628D+00  0.72918888888889D+00
            0.00000000000000D+00  0.00000000000000D+00  0.62356666666667D+00
            0.00000000000000D+00  0.00000000000000D+00  0.78695333333333D+00
     znucl  0.22000000000000D+02  0.80000000000000D+01  0.46000000000000D+02
      zion  0.12000000000000D+02  0.60000000000000D+01  0.18000000000000D+02
 
 No information on the potentials yet 
 
 **** Database of total energy derivatives ****
 Number of data blocks=    2
  
 Total energy                 - # elements :       1
 -0.14214323082401D+04  0.00000000000000D+00
  
 1st derivatives              - # elements :      66
   1   1  0.27004423542351D+01  0.00000000000000D+00
   2   1 -0.24608167781951D+01  0.00000000000000D+00
   3   1  0.12339862817714D+02  0.00000000000000D+00
   1   2 -0.97492357226053D+00  0.00000000000000D+00
   2   2 -0.35702555685573D+01  0.00000000000000D+00
   3   2  0.68772653163205D+02  0.00000000000000D+00
   1   3 -0.24326502285494D+01  0.00000000000000D+00
   2   3  0.23667904605721D+01  0.00000000000000D+00
   3   3  0.65119339019912D+02  0.00000000000000D+00
   1   4  0.50610630985754D+01  0.00000000000000D+00
   2   4 -0.46539785125557D+01  0.00000000000000D+00
   3   4 -0.11556899026629D+03  0.00000000000000D+00
   1   5  0.52586440314929D+00  0.00000000000000D+00
   2   5  0.23949850587065D+01  0.00000000000000D+00
   3   5 -0.25094084912204D+02  0.00000000000000D+00
   1   6  0.31059728123519D+00  0.00000000000000D+00
   2   6  0.17034422613311D+01  0.00000000000000D+00
   3   6  0.16798031603456D+01  0.00000000000000D+00
   1   7 -0.42887590433836D+00  0.00000000000000D+00
   2   7 -0.42865942959888D+00  0.00000000000000D+00
   3   7 -0.45709585247496D+02  0.00000000000000D+00
   1   8 -0.14401622752674D+01  0.00000000000000D+00
   2   8  0.25687383089743D+01  0.00000000000000D+00
   3   8  0.15389641372297D+01  0.00000000000000D+00
   1   9 -0.87587111129120D+00  0.00000000000000D+00
   2   9  0.16944892957019D+01  0.00000000000000D+00
   3   9 -0.31824290347132D+02  0.00000000000000D+00
   1  10 -0.32867586691219D+01  0.00000000000000D+00
   2  10  0.58143625369892D+00  0.00000000000000D+00
   3  10  0.70192627970247D+02  0.00000000000000D+00
   1  11  0.40206461290020D-01  0.00000000000000D+00
   2  11 -0.60304348724353D+00  0.00000000000000D+00
   3  11 -0.39912633769916D+02  0.00000000000000D+00
   1  12  0.13439085380853D+01  0.00000000000000D+00
   2  12  0.23105018286947D+00  0.00000000000000D+00
   3  12 -0.11337622985823D+02  0.00000000000000D+00
   1  13 -0.39251184105559D+01  0.00000000000000D+00
   2  13  0.11348341580743D+00  0.00000000000000D+00
   3  13  0.39303789794964D+02  0.00000000000000D+00
   1  14 -0.21903327429265D+02  0.00000000000000D+00
   2  14 -0.50940475425038D+00  0.00000000000000D+00
   3  14 -0.12314508994710D+03  0.00000000000000D+00
   1  15  0.30129023749950D+01  0.00000000000000D+00
   2  15  0.15519235123535D+02  0.00000000000000D+00
   3  15  0.12562322522893D+02  0.00000000000000D+00
   1  16  0.18860070610326D+01  0.00000000000000D+00
   2  16  0.10900088363957D+02  0.00000000000000D+00
   3  16 -0.17222514969159D+02  0.00000000000000D+00
   1  17  0.23215251199267D+01  0.00000000000000D+00
   2  17 -0.15455178312386D+02  0.00000000000000D+00
   3  17  0.10980232279919D+02  0.00000000000000D+00
   1  18  0.13138340000799D+01  0.00000000000000D+00
   2  18 -0.11361719013420D+02  0.00000000000000D+00
   3  18 -0.14919926625018D+02  0.00000000000000D+00
   1  19  0.19213132096002D+02  0.00000000000000D+00
   2  19  0.46998872940048D+00  0.00000000000000D+00
   3  19  0.13228097080993D+03  0.00000000000000D+00
   1  20 -0.21040101839958D+01  0.00000000000000D+00
   2  20  0.97814889843670D-01  0.00000000000000D+00
   3  20  0.16349801104199D+02  0.00000000000000D+00
   1  23  0.89461207447103D-03  0.00000000000000D+00
   2  23 -0.25965358764062D-02  0.00000000000000D+00
   3  23  0.12445836056058D-01  0.00000000000000D+00
   1  24  0.76459871708628D-04  0.00000000000000D+00
   2  24 -0.21436248115154D-02  0.00000000000000D+00
   3  24 -0.20225492814248D-03  0.00000000000000D+00
