
 **** DERIVATIVE DATABASE ****    
+DDB, Version number    100401

  Note : temporary (transfer) database

    usepaw         0
     natom        20
      nkpt         2
    nsppol         1
      nsym         1
    ntypat         3
    occopt         1
     nband       123
     acell  0.86808000000000D+01  0.86808000000000D+01  0.45000000000000D+02
       amu  0.47880000000000D+02  0.15999400000000D+02  0.10642000000000D+03
   dilatmx  0.10000000000000D+01
      ecut  0.60000000000000D+02
    ecutsm  0.00000000000000D+00
     intxc         0
      iscf         7
       ixc        11
       kpt  0.12500000000000D+00  0.50000000000000D+00  0.50000000000000D+00
            0.37500000000000D+00  0.50000000000000D+00  0.50000000000000D+00
    kptnrm  0.10000000000000D+01
     ngfft        64   64  320
    nspden         1
   nspinor         1
       occ  0.20000000000000D+01  0.20000000000000D+01  0.20000000000000D+01
            0.20000000000000D+01  0.20000000000000D+01  0.20000000000000D+01
            0.20000000000000D+01  0.20000000000000D+01  0.20000000000000D+01
            0.20000000000000D+01  0.20000000000000D+01  0.20000000000000D+01
            0.20000000000000D+01  0.20000000000000D+01  0.20000000000000D+01
            0.20000000000000D+01  0.20000000000000D+01  0.20000000000000D+01
            0.20000000000000D+01  0.20000000000000D+01  0.20000000000000D+01
            0.20000000000000D+01  0.20000000000000D+01  0.20000000000000D+01
            0.20000000000000D+01  0.20000000000000D+01  0.20000000000000D+01
            0.20000000000000D+01  0.20000000000000D+01  0.20000000000000D+01
            0.20000000000000D+01  0.20000000000000D+01  0.20000000000000D+01
            0.20000000000000D+01  0.20000000000000D+01  0.20000000000000D+01
            0.20000000000000D+01  0.20000000000000D+01  0.20000000000000D+01
            0.20000000000000D+01  0.20000000000000D+01  0.20000000000000D+01
            0.20000000000000D+01  0.20000000000000D+01  0.20000000000000D+01
            0.20000000000000D+01  0.20000000000000D+01  0.20000000000000D+01
            0.20000000000000D+01  0.20000000000000D+01  0.20000000000000D+01
            0.20000000000000D+01  0.20000000000000D+01  0.20000000000000D+01
            0.20000000000000D+01  0.20000000000000D+01  0.20000000000000D+01
            0.20000000000000D+01  0.20000000000000D+01  0.20000000000000D+01
            0.20000000000000D+01  0.20000000000000D+01  0.20000000000000D+01
            0.20000000000000D+01  0.20000000000000D+01  0.20000000000000D+01
            0.20000000000000D+01  0.20000000000000D+01  0.20000000000000D+01
            0.20000000000000D+01  0.20000000000000D+01  0.20000000000000D+01
            0.20000000000000D+01  0.20000000000000D+01  0.20000000000000D+01
            0.20000000000000D+01  0.20000000000000D+01  0.20000000000000D+01
            0.20000000000000D+01  0.20000000000000D+01  0.20000000000000D+01
            0.20000000000000D+01  0.20000000000000D+01  0.20000000000000D+01
            0.20000000000000D+01  0.20000000000000D+01  0.20000000000000D+01
            0.20000000000000D+01  0.20000000000000D+01  0.20000000000000D+01
            0.20000000000000D+01  0.20000000000000D+01  0.20000000000000D+01
            0.20000000000000D+01  0.20000000000000D+01  0.20000000000000D+01
            0.20000000000000D+01  0.20000000000000D+01  0.20000000000000D+01
            0.20000000000000D+01  0.20000000000000D+01  0.20000000000000D+01
            0.20000000000000D+01  0.20000000000000D+01  0.20000000000000D+01
            0.20000000000000D+01  0.20000000000000D+01  0.20000000000000D+01
            0.20000000000000D+01  0.20000000000000D+01  0.20000000000000D+01
            0.20000000000000D+01  0.20000000000000D+01  0.20000000000000D+01
            0.20000000000000D+01  0.20000000000000D+01  0.20000000000000D+01
            0.20000000000000D+01  0.20000000000000D+01  0.20000000000000D+01
            0.00000000000000D+00  0.00000000000000D+00  0.00000000000000D+00
     rprim  0.10000000000000D+01  0.00000000000000D+00  0.00000000000000D+00
            0.00000000000000D+00  0.10000000000000D+01  0.00000000000000D+00
            0.00000000000000D+00  0.00000000000000D+00  0.10000000000000D+01
  dfpt_sciss  0.00000000000000D+00
    spinat  0.00000000000000D+00  0.00000000000000D+00  0.00000000000000D+00
            0.00000000000000D+00  0.00000000000000D+00  0.00000000000000D+00
            0.00000000000000D+00  0.00000000000000D+00  0.00000000000000D+00
            0.00000000000000D+00  0.00000000000000D+00  0.00000000000000D+00
            0.00000000000000D+00  0.00000000000000D+00  0.00000000000000D+00
            0.00000000000000D+00  0.00000000000000D+00  0.00000000000000D+00
            0.00000000000000D+00  0.00000000000000D+00  0.00000000000000D+00
            0.00000000000000D+00  0.00000000000000D+00  0.00000000000000D+00
            0.00000000000000D+00  0.00000000000000D+00  0.00000000000000D+00
            0.00000000000000D+00  0.00000000000000D+00  0.00000000000000D+00
            0.00000000000000D+00  0.00000000000000D+00  0.00000000000000D+00
            0.00000000000000D+00  0.00000000000000D+00  0.00000000000000D+00
            0.00000000000000D+00  0.00000000000000D+00  0.00000000000000D+00
            0.00000000000000D+00  0.00000000000000D+00  0.00000000000000D+00
            0.00000000000000D+00  0.00000000000000D+00  0.00000000000000D+00
            0.00000000000000D+00  0.00000000000000D+00  0.00000000000000D+00
            0.00000000000000D+00  0.00000000000000D+00  0.00000000000000D+00
            0.00000000000000D+00  0.00000000000000D+00  0.00000000000000D+00
            0.00000000000000D+00  0.00000000000000D+00  0.00000000000000D+00
            0.00000000000000D+00  0.00000000000000D+00  0.00000000000000D+00
    symafm         1
    symrel         1    0    0    0    1    0    0    0    1
     tnons  0.00000000000000D+00  0.00000000000000D+00  0.00000000000000D+00
    tolwfr  0.10000000000000D+01
   tphysel  0.00000000000000D+00
    tsmear  0.10000000000000D-01
     typat         1    1    1    1    2    2    2    2    2    2    2    2
                   3    3    3    3    3    3    3    3
       wtk  0.50000000000000D+00  0.50000000000000D+00
      xred  0.00000000000000D+00  0.00000000000000D+00  0.00000000000000D+00
            0.00000000000000D+00  0.00000000000000D+00  0.19290666666667D+00
            0.50000000000000D+00  0.32204405123952D+00  0.96453333333333D-01
            0.50000000000000D+00  0.32204405123952D+00  0.28936000000000D+00
            0.86808013086352D+01  0.00000000000000D+00  0.59800000000000D-01
            0.86808013086352D+01  0.00000000000000D+00  0.25270666666667D+00
            0.69000552944429D+00  0.00000000000000D+00  0.13310666666667D+00
            0.69000552944429D+00  0.00000000000000D+00  0.32601333333333D+00
            0.19000552944429D+00  0.32204405123952D+00  0.15625333333333D+00
            0.19000552944429D+00  0.32204405123952D+00  0.34916000000000D+00
            0.80999447055571D+00  0.32204405123952D+00  0.36653333333333D-01
            0.80999447055571D+00  0.32204405123952D+00  0.22956000000000D+00
            0.19000552944429D+00  0.00000000000000D+00  0.50803555555556D+00
            0.19000552944429D+00  0.00000000000000D+00  0.67142222222222D+00
            0.42348631462538D+00  0.29945396737628D+00  0.56580222222222D+00
            0.42348631462538D+00  0.29945396737628D+00  0.72918888888889D+00
            0.42348631462538D+00 -0.29945396737628D+00  0.56580222222222D+00
            0.42348631462538D+00 -0.29945396737628D+00  0.72918888888889D+00
            0.00000000000000D+00  0.00000000000000D+00  0.62356666666667D+00
            0.00000000000000D+00  0.00000000000000D+00  0.78695333333333D+00
     znucl  0.22000000000000D+02  0.80000000000000D+01  0.46000000000000D+02
      zion  0.12000000000000D+02  0.60000000000000D+01  0.18000000000000D+02
 
 No information on the potentials yet 
 
 **** Database of total energy derivatives ****
 Number of data blocks=    2
  
 Total energy                 - # elements :       1
 -0.14201127033754D+04  0.00000000000000D+00
  
 1st derivatives              - # elements :      66
   1   1  0.13698288626897D+01  0.00000000000000D+00
   2   1 -0.16350136793778D+00  0.00000000000000D+00
   3   1 -0.46638667221711D+02  0.00000000000000D+00
   1   2  0.34583681017893D+01  0.00000000000000D+00
   2   2 -0.66766158214095D+01  0.00000000000000D+00
   3   2 -0.13823466695049D+03  0.00000000000000D+00
   1   3  0.34696486723469D+01  0.00000000000000D+00
   2   3 -0.15735081090114D+01  0.00000000000000D+00
   3   3 -0.12205817865903D+03  0.00000000000000D+00
   1   4  0.24109008148640D+00  0.00000000000000D+00
   2   4 -0.33047777229007D+01  0.00000000000000D+00
   3   4 -0.53919555334535D+02  0.00000000000000D+00
   1   5 -0.15519871239150D+01  0.00000000000000D+00
   2   5  0.19671257394248D+01  0.00000000000000D+00
   3   5  0.64214193802687D+02  0.00000000000000D+00
   1   6 -0.14574095579811D+01  0.00000000000000D+00
   2   6  0.36954406218432D+01  0.00000000000000D+00
   3   6  0.59927435692488D+02  0.00000000000000D+00
   1   7 -0.20992944992448D+01  0.00000000000000D+00
   2   7  0.15451451095889D+01  0.00000000000000D+00
   3   7  0.53076135947392D+02  0.00000000000000D+00
   1   8 -0.10856693250770D+01  0.00000000000000D+00
   2   8  0.19311183731564D+01  0.00000000000000D+00
   3   8  0.11805700060344D+02  0.00000000000000D+00
   1   9  0.96987472263544D+00  0.00000000000000D+00
   2   9  0.22793974618317D+01  0.00000000000000D+00
   3   9  0.72025954432825D+02  0.00000000000000D+00
   1  10 -0.35150857792500D+00  0.00000000000000D+00
   2  10  0.15936946938244D+00  0.00000000000000D+00
   3  10  0.28330132447109D+02  0.00000000000000D+00
   1  11 -0.25509278958305D+01  0.00000000000000D+00
   2  11 -0.36783273457180D-01  0.00000000000000D+00
   3  11  0.44710573401571D+02  0.00000000000000D+00
   1  12 -0.19330631759360D+01  0.00000000000000D+00
   2  12  0.85825680356615D+00  0.00000000000000D+00
   3  12  0.70169277253594D+02  0.00000000000000D+00
   1  13  0.18253145596479D+01  0.00000000000000D+00
   2  13  0.51573378983608D+00  0.00000000000000D+00
   3  13  0.10656259545775D+02  0.00000000000000D+00
   1  14 -0.17071318546991D+02  0.00000000000000D+00
   2  14  0.44822569150949D+00  0.00000000000000D+00
   3  14 -0.11491981591049D+03  0.00000000000000D+00
   1  15 -0.51757296578088D+00  0.00000000000000D+00
   2  15  0.15725308050562D+01  0.00000000000000D+00
   3  15 -0.10119216757432D+02  0.00000000000000D+00
   1  16  0.12761009613875D+01  0.00000000000000D+00
   2  16  0.29967759620278D+01  0.00000000000000D+00
   3  16 -0.28606646507145D+02  0.00000000000000D+00
   1  17 -0.28939296154876D+00  0.00000000000000D+00
   2  17 -0.21362838843271D+01  0.00000000000000D+00
   3  17 -0.90844443382774D+01  0.00000000000000D+00
   1  18  0.14568978116739D+01  0.00000000000000D+00
   2  18 -0.35373464568002D+01  0.00000000000000D+00
   3  18 -0.33982866878639D+02  0.00000000000000D+00
   1  19  0.14625495724892D+02  0.00000000000000D+00
   2  19 -0.17744192371620D+00  0.00000000000000D+00
   3  19  0.12216709073667D+03  0.00000000000000D+00
   1  20 -0.13478549057098D+01  0.00000000000000D+00
   2  20  0.23439506653432D+00  0.00000000000000D+00
   3  20  0.28280350175176D+02  0.00000000000000D+00
   1  23 -0.40415734305793D-02  0.00000000000000D+00
   2  23 -0.58950080227793D-02  0.00000000000000D+00
   3  23  0.83903159443626D-02  0.00000000000000D+00
   1  24  0.84536810383470D-04  0.00000000000000D+00
   2  24 -0.14240654280541D-02  0.00000000000000D+00
   3  24 -0.13155159262604D-06  0.00000000000000D+00
