
 **** DERIVATIVE DATABASE ****    
+DDB, Version number    100401

  Note : temporary (transfer) database

    usepaw         0
     natom        10
      nkpt         2
    nsppol         1
      nsym         1
    ntypat         3
    occopt         1
     nband        62
     acell  0.86808000000000D+01  0.86808000000000D+01  0.25000000000000D+02
       amu  0.47880000000000D+02  0.15999400000000D+02  0.10642000000000D+03
   dilatmx  0.10000000000000D+01
      ecut  0.60000000000000D+02
    ecutsm  0.00000000000000D+00
     intxc         0
      iscf         7
       ixc        11
       kpt  0.12500000000000D+00  0.50000000000000D+00  0.50000000000000D+00
            0.37500000000000D+00  0.50000000000000D+00  0.50000000000000D+00
    kptnrm  0.10000000000000D+01
     ngfft        64   64  180
    nspden         1
   nspinor         1
       occ  0.20000000000000D+01  0.20000000000000D+01  0.20000000000000D+01
            0.20000000000000D+01  0.20000000000000D+01  0.20000000000000D+01
            0.20000000000000D+01  0.20000000000000D+01  0.20000000000000D+01
            0.20000000000000D+01  0.20000000000000D+01  0.20000000000000D+01
            0.20000000000000D+01  0.20000000000000D+01  0.20000000000000D+01
            0.20000000000000D+01  0.20000000000000D+01  0.20000000000000D+01
            0.20000000000000D+01  0.20000000000000D+01  0.20000000000000D+01
            0.20000000000000D+01  0.20000000000000D+01  0.20000000000000D+01
            0.20000000000000D+01  0.20000000000000D+01  0.20000000000000D+01
            0.20000000000000D+01  0.20000000000000D+01  0.20000000000000D+01
            0.20000000000000D+01  0.20000000000000D+01  0.20000000000000D+01
            0.20000000000000D+01  0.20000000000000D+01  0.20000000000000D+01
            0.20000000000000D+01  0.20000000000000D+01  0.20000000000000D+01
            0.20000000000000D+01  0.20000000000000D+01  0.20000000000000D+01
            0.20000000000000D+01  0.20000000000000D+01  0.20000000000000D+01
            0.20000000000000D+01  0.20000000000000D+01  0.20000000000000D+01
            0.20000000000000D+01  0.20000000000000D+01  0.20000000000000D+01
            0.20000000000000D+01  0.20000000000000D+01  0.20000000000000D+01
            0.20000000000000D+01  0.20000000000000D+01  0.20000000000000D+01
            0.20000000000000D+01  0.20000000000000D+01  0.20000000000000D+01
            0.00000000000000D+00  0.00000000000000D+00
     rprim  0.10000000000000D+01  0.00000000000000D+00  0.00000000000000D+00
            0.00000000000000D+00  0.10000000000000D+01  0.00000000000000D+00
            0.00000000000000D+00  0.00000000000000D+00  0.10000000000000D+01
  dfpt_sciss  0.00000000000000D+00
    spinat  0.00000000000000D+00  0.00000000000000D+00  0.00000000000000D+00
            0.00000000000000D+00  0.00000000000000D+00  0.00000000000000D+00
            0.00000000000000D+00  0.00000000000000D+00  0.00000000000000D+00
            0.00000000000000D+00  0.00000000000000D+00  0.00000000000000D+00
            0.00000000000000D+00  0.00000000000000D+00  0.00000000000000D+00
            0.00000000000000D+00  0.00000000000000D+00  0.00000000000000D+00
            0.00000000000000D+00  0.00000000000000D+00  0.00000000000000D+00
            0.00000000000000D+00  0.00000000000000D+00  0.00000000000000D+00
            0.00000000000000D+00  0.00000000000000D+00  0.00000000000000D+00
            0.00000000000000D+00  0.00000000000000D+00  0.00000000000000D+00
    symafm         1
    symrel         1    0    0    0    1    0    0    0    1
     tnons  0.00000000000000D+00  0.00000000000000D+00  0.00000000000000D+00
    tolwfr  0.10000000000000D+01
   tphysel  0.00000000000000D+00
    tsmear  0.10000000000000D-01
     typat         1    1    2    2    2    2    3    3    3    3
       wtk  0.50000000000000D+00  0.50000000000000D+00
      xred  0.00000000000000D+00  0.00000000000000D+00  0.00000000000000D+00
            0.50000000000000D+00  0.32204405123952D+00  0.17361600000000D+00
            0.86808013086352D+01  0.00000000000000D+00  0.10764000000000D+00
            0.69000552944429D+00  0.00000000000000D+00  0.23959200000000D+00
            0.19000552944429D+00  0.32204405123952D+00  0.28125600000000D+00
            0.80999447055571D+00  0.32204405123952D+00  0.65976000000000D-01
            0.19000552944429D+00  0.00000000000000D+00  0.56723200000000D+00
            0.42348631462538D+00  0.29945396737628D+00  0.67121200000000D+00
            0.42348631462538D+00 -0.29945396737628D+00  0.67121200000000D+00
            0.00000000000000D+00  0.00000000000000D+00  0.77518800000000D+00
     znucl  0.22000000000000D+02  0.80000000000000D+01  0.46000000000000D+02
      zion  0.12000000000000D+02  0.60000000000000D+01  0.18000000000000D+02
 
 No information on the potentials yet 
 
 **** Database of total energy derivatives ****
 Number of data blocks=    2
  
 Total energy                 - # elements :       1
 -0.68702003018118D+03  0.00000000000000D+00
  
 1st derivatives              - # elements :      36
   1   1  0.90805352518600D+01  0.00000000000000D+00
   2   1 -0.61959423823609D+01  0.00000000000000D+00
   3   1 -0.17610546394552D+03  0.00000000000000D+00
   1   2  0.17618639147123D+01  0.00000000000000D+00
   2   2 -0.50828893789103D+01  0.00000000000000D+00
   3   2 -0.18184159780337D+02  0.00000000000000D+00
   1   3 -0.38743033520223D+01  0.00000000000000D+00
   2   3  0.62899988254732D+01  0.00000000000000D+00
   3   3  0.82505477980501D+02  0.00000000000000D+00
   1   4 -0.20717965365100D+01  0.00000000000000D+00
   2   4  0.52192516443362D+01  0.00000000000000D+00
   3   4  0.65932183826333D+01  0.00000000000000D+00
   1   5  0.23167625776325D+01  0.00000000000000D+00
   2   5 -0.15765841758413D+01  0.00000000000000D+00
   3   5 -0.13719137954266D+02  0.00000000000000D+00
   1   6 -0.65725745674803D+01  0.00000000000000D+00
   2   6  0.24926670596780D+01  0.00000000000000D+00
   3   6  0.91087750540401D+02  0.00000000000000D+00
   1   7  0.18360339284483D+01  0.00000000000000D+00
   2   7  0.14361665552729D-01  0.00000000000000D+00
   3   7 -0.28084377566266D+01  0.00000000000000D+00
   1   8 -0.98937063258557D+00  0.00000000000000D+00
   2   8  0.14866616433954D+02  0.00000000000000D+00
   3   8  0.10032892329132D+02  0.00000000000000D+00
   1   9 -0.14180936196061D+01  0.00000000000000D+00
   2   9 -0.15176644846852D+02  0.00000000000000D+00
   3   9  0.10432281405924D+02  0.00000000000000D+00
   1  10  0.39161353933255D+00  0.00000000000000D+00
   2  10 -0.52402044077564D-01  0.00000000000000D+00
   3  10  0.73391298827984D+01  0.00000000000000D+00
   1  13 -0.13448344083828D-01  0.00000000000000D+00
   2  13 -0.15245383474144D-01  0.00000000000000D+00
   3  13  0.12505238254221D-01  0.00000000000000D+00
   1  14  0.78696909464057D-03  0.00000000000000D+00
   2  14  0.54654528508172D-03  0.00000000000000D+00
   3  14  0.58197388703166D-03  0.00000000000000D+00
