 Fermi (or HOMO) energy (hartree) =   0.05786   Average Vxc (hartree)=  -0.28186
 Eigenvalues (hartree) for nkpt=   2  k points:
 kpt#   1, nband= 62, wtk=  0.50000, kpt=  0.1250  0.5000  0.5000 (reduced coord)
  -3.08781   -3.05631   -3.03258   -3.01191   -2.07688   -2.05725   -1.91109   -1.81657
  -1.81136   -1.80362   -1.78510   -1.78156   -1.77317   -1.77093   -1.76090   -1.75862
  -1.75121   -1.74596   -1.21239   -1.20540   -1.19839   -1.19192   -1.18874   -1.17859
  -0.72315   -0.61269   -0.53972   -0.50462   -0.19436   -0.18394   -0.17456   -0.16346
  -0.16060   -0.15508   -0.11844   -0.10090   -0.08492   -0.08341   -0.08194   -0.07055
  -0.06369   -0.05749   -0.03439   -0.03310   -0.03163   -0.02727   -0.01614   -0.00128
   0.00180    0.00897    0.00957    0.01725    0.01841    0.01918    0.02879    0.03056
   0.03425    0.03663    0.04601    0.05249    0.05370    0.06429
 kpt#   2, nband= 62, wtk=  0.50000, kpt=  0.3750  0.5000  0.5000 (reduced coord)
  -3.08781   -3.05631   -3.03258   -3.01191   -2.07688   -2.05725   -1.91109   -1.81657
  -1.81136   -1.80362   -1.78510   -1.78157   -1.77317   -1.77093   -1.76089   -1.75862
  -1.75121   -1.74596   -1.21240   -1.20541   -1.19843   -1.19191   -1.18876   -1.17861
  -0.72285   -0.61274   -0.53897   -0.50525   -0.19431   -0.18410   -0.17472   -0.16288
  -0.16273   -0.15530   -0.11865   -0.10088   -0.08298   -0.08035   -0.07945   -0.07109
  -0.06392   -0.05801   -0.03353   -0.03275   -0.02584   -0.01975   -0.00992   -0.00383
  -0.00010    0.00381    0.00637    0.01186    0.01972    0.02127    0.02955    0.03479
   0.03967    0.04167    0.05093    0.05786    0.06106    0.07285
