 Fermi (or HOMO) energy (hartree) =   0.25332   Average Vxc (hartree)=  -0.35325
 Eigenvalues (hartree) for nkpt=   2  k points:
 kpt#   1, nband=184, wtk=  0.50000, kpt=  0.1250  0.5000  0.5000 (reduced coord)
  -4.62815   -3.35267   -3.32613   -3.07422   -3.04772   -3.01888   -3.01674   -2.99231
  -2.96070   -2.93786   -2.89958   -2.89100   -2.85404   -2.82210   -2.76597   -2.23799
  -2.21784   -2.10049   -2.07681   -2.07448   -1.95689   -1.95410   -1.93793   -1.93651
  -1.92322   -1.91672   -1.81690   -1.81091   -1.79826   -1.78361   -1.77823   -1.74400
  -1.72452   -1.71476   -1.71227   -1.70554   -1.69628   -1.68217   -1.66957   -1.66754
  -1.66643   -1.65956   -1.63929   -1.63279   -1.60883   -1.59617   -1.58883   -1.58151
  -1.57026   -1.56312   -1.53672   -1.51581   -1.50877   -1.50450   -1.49318   -1.47893
  -1.23127   -1.22092   -1.21332   -1.21067   -1.20445   -1.20188   -1.19933   -1.19760
  -1.18885   -1.08621   -1.08411   -1.07596   -1.07263   -1.05983   -1.04772   -0.94752
  -0.91386   -0.89141   -0.78333   -0.65399   -0.56665   -0.55600   -0.49684   -0.49343
  -0.48678   -0.45415   -0.43469   -0.38211   -0.37851   -0.36598   -0.36139   -0.36123
  -0.35764   -0.34848   -0.34030   -0.32929   -0.28703   -0.28034   -0.25576   -0.24123
  -0.21831   -0.21614   -0.16376   -0.15555   -0.15406   -0.14526   -0.13969   -0.12562
  -0.08390   -0.07929   -0.06826   -0.06417   -0.05722   -0.04893   -0.04041   -0.02984
  -0.01755   -0.01587   -0.01076   -0.00512   -0.00094   -0.00030    0.00280    0.00400
   0.00626    0.00924    0.01596    0.01715    0.02418    0.03059    0.03413    0.03598
   0.03941    0.04183    0.04443    0.04582    0.05086    0.05566    0.05834    0.06379
   0.06730    0.06898    0.06996    0.07108    0.07306    0.07922    0.08399    0.08543
   0.08634    0.08884    0.09651    0.10124    0.10651    0.11066    0.11714    0.12068
   0.12288    0.13070    0.13452    0.13529    0.13901    0.14217    0.14910    0.15145
   0.15375    0.15856    0.16018    0.16211    0.16270    0.16903    0.16971    0.17602
   0.18832    0.19277    0.19714    0.20553    0.20930    0.21627    0.22108    0.22874
   0.23590    0.23829    0.24565    0.25250    0.26016    0.26773    0.28615    0.30524
 kpt#   2, nband=184, wtk=  0.50000, kpt=  0.3750  0.5000  0.5000 (reduced coord)
  -4.62815   -3.35267   -3.32613   -3.07422   -3.04772   -3.01888   -3.01674   -2.99231
  -2.96070   -2.93786   -2.89958   -2.89100   -2.85404   -2.82210   -2.76597   -2.23799
  -2.21784   -2.10049   -2.07681   -2.07448   -1.95689   -1.95410   -1.93794   -1.93651
  -1.92322   -1.91673   -1.81690   -1.81091   -1.79824   -1.78361   -1.77821   -1.74400
  -1.72452   -1.71476   -1.71232   -1.70555   -1.69631   -1.68211   -1.66957   -1.66754
  -1.66643   -1.65956   -1.63929   -1.63279   -1.60883   -1.59611   -1.58883   -1.58151
  -1.57026   -1.56313   -1.53673   -1.51581   -1.50876   -1.50450   -1.49321   -1.47893
  -1.23128   -1.22092   -1.21328   -1.21069   -1.20445   -1.20199   -1.19932   -1.19758
  -1.18886   -1.08619   -1.08412   -1.07604   -1.07262   -1.05984   -1.04773   -0.94728
  -0.91325   -0.89151   -0.78409   -0.65397   -0.56644   -0.55579   -0.49647   -0.49073
  -0.48718   -0.45427   -0.43517   -0.37917   -0.37848   -0.36854   -0.36191   -0.36124
  -0.35747   -0.34864   -0.34041   -0.32945   -0.28639   -0.28586   -0.25759   -0.24277
  -0.21880   -0.21725   -0.16393   -0.15641   -0.15264   -0.14630   -0.14107   -0.12271
  -0.08478   -0.07674   -0.06991   -0.06230   -0.05390   -0.05063   -0.04131   -0.02770
  -0.01723   -0.01589   -0.00928   -0.00393   -0.00198    0.00053    0.00464    0.00584
   0.00696    0.00842    0.01644    0.02210    0.02482    0.03156    0.03544    0.03829
   0.03962    0.04135    0.04428    0.04675    0.05316    0.05533    0.06242    0.06448
   0.06709    0.06878    0.07154    0.07557    0.07898    0.08244    0.08507    0.08707
   0.08846    0.09470    0.09613    0.10176    0.10257    0.11606    0.11920    0.12283
   0.12700    0.13033    0.13255    0.13540    0.13918    0.14400    0.14837    0.15339
   0.15994    0.16214    0.16332    0.16586    0.17246    0.17467    0.17827    0.18089
   0.18259    0.19850    0.20442    0.20980    0.21359    0.21787    0.22650    0.23117
   0.23380    0.24102    0.25027    0.25332    0.26111    0.26604    0.28027    0.30299
