
 **** DERIVATIVE DATABASE ****    
+DDB, Version number    100401

  Note : temporary (transfer) database

    usepaw         0
     natom        30
      nkpt         2
    nsppol         1
      nsym         1
    ntypat         3
    occopt         1
     nband       184
     acell  0.86808000000000D+01  0.86808000000000D+01  0.50000000000000D+02
       amu  0.47880000000000D+02  0.15999400000000D+02  0.10642000000000D+03
   dilatmx  0.10000000000000D+01
      ecut  0.60000000000000D+02
    ecutsm  0.00000000000000D+00
     intxc         0
      iscf         7
       ixc        11
       kpt  0.12500000000000D+00  0.50000000000000D+00  0.50000000000000D+00
            0.37500000000000D+00  0.50000000000000D+00  0.50000000000000D+00
    kptnrm  0.10000000000000D+01
     ngfft        64   64  360
    nspden         1
   nspinor         1
       occ  0.20000000000000D+01  0.20000000000000D+01  0.20000000000000D+01
            0.20000000000000D+01  0.20000000000000D+01  0.20000000000000D+01
            0.20000000000000D+01  0.20000000000000D+01  0.20000000000000D+01
            0.20000000000000D+01  0.20000000000000D+01  0.20000000000000D+01
            0.20000000000000D+01  0.20000000000000D+01  0.20000000000000D+01
            0.20000000000000D+01  0.20000000000000D+01  0.20000000000000D+01
            0.20000000000000D+01  0.20000000000000D+01  0.20000000000000D+01
            0.20000000000000D+01  0.20000000000000D+01  0.20000000000000D+01
            0.20000000000000D+01  0.20000000000000D+01  0.20000000000000D+01
            0.20000000000000D+01  0.20000000000000D+01  0.20000000000000D+01
            0.20000000000000D+01  0.20000000000000D+01  0.20000000000000D+01
            0.20000000000000D+01  0.20000000000000D+01  0.20000000000000D+01
            0.20000000000000D+01  0.20000000000000D+01  0.20000000000000D+01
            0.20000000000000D+01  0.20000000000000D+01  0.20000000000000D+01
            0.20000000000000D+01  0.20000000000000D+01  0.20000000000000D+01
            0.20000000000000D+01  0.20000000000000D+01  0.20000000000000D+01
            0.20000000000000D+01  0.20000000000000D+01  0.20000000000000D+01
            0.20000000000000D+01  0.20000000000000D+01  0.20000000000000D+01
            0.20000000000000D+01  0.20000000000000D+01  0.20000000000000D+01
            0.20000000000000D+01  0.20000000000000D+01  0.20000000000000D+01
            0.20000000000000D+01  0.20000000000000D+01  0.20000000000000D+01
            0.20000000000000D+01  0.20000000000000D+01  0.20000000000000D+01
            0.20000000000000D+01  0.20000000000000D+01  0.20000000000000D+01
            0.20000000000000D+01  0.20000000000000D+01  0.20000000000000D+01
            0.20000000000000D+01  0.20000000000000D+01  0.20000000000000D+01
            0.20000000000000D+01  0.20000000000000D+01  0.20000000000000D+01
            0.20000000000000D+01  0.20000000000000D+01  0.20000000000000D+01
            0.20000000000000D+01  0.20000000000000D+01  0.20000000000000D+01
            0.20000000000000D+01  0.20000000000000D+01  0.20000000000000D+01
            0.20000000000000D+01  0.20000000000000D+01  0.20000000000000D+01
            0.20000000000000D+01  0.20000000000000D+01  0.20000000000000D+01
            0.20000000000000D+01  0.20000000000000D+01  0.20000000000000D+01
            0.20000000000000D+01  0.20000000000000D+01  0.20000000000000D+01
            0.20000000000000D+01  0.20000000000000D+01  0.20000000000000D+01
            0.20000000000000D+01  0.20000000000000D+01  0.20000000000000D+01
            0.20000000000000D+01  0.20000000000000D+01  0.20000000000000D+01
            0.20000000000000D+01  0.20000000000000D+01  0.20000000000000D+01
            0.20000000000000D+01  0.20000000000000D+01  0.20000000000000D+01
            0.20000000000000D+01  0.20000000000000D+01  0.20000000000000D+01
            0.20000000000000D+01  0.20000000000000D+01  0.20000000000000D+01
            0.20000000000000D+01  0.20000000000000D+01  0.20000000000000D+01
            0.20000000000000D+01  0.20000000000000D+01  0.20000000000000D+01
            0.20000000000000D+01  0.20000000000000D+01  0.20000000000000D+01
            0.20000000000000D+01  0.20000000000000D+01  0.20000000000000D+01
            0.20000000000000D+01  0.20000000000000D+01  0.20000000000000D+01
            0.20000000000000D+01  0.20000000000000D+01  0.20000000000000D+01
            0.20000000000000D+01  0.20000000000000D+01  0.20000000000000D+01
            0.20000000000000D+01  0.20000000000000D+01  0.20000000000000D+01
            0.20000000000000D+01  0.20000000000000D+01  0.20000000000000D+01
            0.20000000000000D+01  0.20000000000000D+01  0.20000000000000D+01
            0.20000000000000D+01  0.20000000000000D+01  0.20000000000000D+01
            0.20000000000000D+01  0.20000000000000D+01  0.20000000000000D+01
            0.20000000000000D+01  0.20000000000000D+01  0.20000000000000D+01
            0.20000000000000D+01  0.20000000000000D+01  0.20000000000000D+01
            0.20000000000000D+01  0.20000000000000D+01  0.20000000000000D+01
            0.20000000000000D+01  0.20000000000000D+01  0.20000000000000D+01
            0.20000000000000D+01  0.20000000000000D+01  0.20000000000000D+01
            0.20000000000000D+01  0.20000000000000D+01  0.20000000000000D+01
            0.20000000000000D+01  0.20000000000000D+01  0.20000000000000D+01
            0.20000000000000D+01  0.20000000000000D+01  0.20000000000000D+01
            0.00000000000000D+00  0.00000000000000D+00  0.00000000000000D+00
            0.00000000000000D+00
     rprim  0.10000000000000D+01  0.00000000000000D+00  0.00000000000000D+00
            0.00000000000000D+00  0.10000000000000D+01  0.00000000000000D+00
            0.00000000000000D+00  0.00000000000000D+00  0.10000000000000D+01
  dfpt_sciss  0.00000000000000D+00
    spinat  0.00000000000000D+00  0.00000000000000D+00  0.00000000000000D+00
            0.00000000000000D+00  0.00000000000000D+00  0.00000000000000D+00
            0.00000000000000D+00  0.00000000000000D+00  0.00000000000000D+00
            0.00000000000000D+00  0.00000000000000D+00  0.00000000000000D+00
            0.00000000000000D+00  0.00000000000000D+00  0.00000000000000D+00
            0.00000000000000D+00  0.00000000000000D+00  0.00000000000000D+00
            0.00000000000000D+00  0.00000000000000D+00  0.00000000000000D+00
            0.00000000000000D+00  0.00000000000000D+00  0.00000000000000D+00
            0.00000000000000D+00  0.00000000000000D+00  0.00000000000000D+00
            0.00000000000000D+00  0.00000000000000D+00  0.00000000000000D+00
            0.00000000000000D+00  0.00000000000000D+00  0.00000000000000D+00
            0.00000000000000D+00  0.00000000000000D+00  0.00000000000000D+00
            0.00000000000000D+00  0.00000000000000D+00  0.00000000000000D+00
            0.00000000000000D+00  0.00000000000000D+00  0.00000000000000D+00
            0.00000000000000D+00  0.00000000000000D+00  0.00000000000000D+00
            0.00000000000000D+00  0.00000000000000D+00  0.00000000000000D+00
            0.00000000000000D+00  0.00000000000000D+00  0.00000000000000D+00
            0.00000000000000D+00  0.00000000000000D+00  0.00000000000000D+00
            0.00000000000000D+00  0.00000000000000D+00  0.00000000000000D+00
            0.00000000000000D+00  0.00000000000000D+00  0.00000000000000D+00
            0.00000000000000D+00  0.00000000000000D+00  0.00000000000000D+00
            0.00000000000000D+00  0.00000000000000D+00  0.00000000000000D+00
            0.00000000000000D+00  0.00000000000000D+00  0.00000000000000D+00
            0.00000000000000D+00  0.00000000000000D+00  0.00000000000000D+00
            0.00000000000000D+00  0.00000000000000D+00  0.00000000000000D+00
            0.00000000000000D+00  0.00000000000000D+00  0.00000000000000D+00
            0.00000000000000D+00  0.00000000000000D+00  0.00000000000000D+00
            0.00000000000000D+00  0.00000000000000D+00  0.00000000000000D+00
            0.00000000000000D+00  0.00000000000000D+00  0.00000000000000D+00
            0.00000000000000D+00  0.00000000000000D+00  0.00000000000000D+00
    symafm         1
    symrel         1    0    0    0    1    0    0    0    1
     tnons  0.00000000000000D+00  0.00000000000000D+00  0.00000000000000D+00
    tolwfr  0.10000000000000D+01
   tphysel  0.00000000000000D+00
    tsmear  0.10000000000000D-01
     typat         1    1    1    1    1    1    2    2    2    2    2    2
                   2    2    2    2    2    2    3    3    3    3    3    3
                   3    3    3    3    3    3
       wtk  0.50000000000000D+00  0.50000000000000D+00
      xred  0.00000000000000D+00  0.00000000000000D+00  0.00000000000000D+00
            0.00000000000000D+00  0.00000000000000D+00  0.17361600000000D+00
            0.00000000000000D+00  0.00000000000000D+00  0.34723200000000D+00
            0.50000000000000D+00  0.32204405123952D+00  0.86808000000000D-01
            0.50000000000000D+00  0.32204405123952D+00  0.26042400000000D+00
            0.50000000000000D+00  0.32204405123952D+00  0.43404000000000D+00
            0.86808013086352D+01  0.00000000000000D+00  0.53820000000000D-01
            0.86808013086352D+01  0.00000000000000D+00  0.22743600000000D+00
            0.86808013086352D+01  0.00000000000000D+00  0.40105200000000D+00
            0.69000552944429D+00  0.00000000000000D+00  0.11979600000000D+00
            0.69000552944429D+00  0.00000000000000D+00  0.29341200000000D+00
            0.69000552944429D+00  0.00000000000000D+00  0.46702800000000D+00
            0.19000552944429D+00  0.32204405123952D+00  0.14062800000000D+00
            0.19000552944429D+00  0.32204405123952D+00  0.31424400000000D+00
            0.19000552944429D+00  0.32204405123952D+00  0.48786000000000D+00
            0.80999447055571D+00  0.32204405123952D+00  0.32988000000000D-01
            0.80999447055571D+00  0.32204405123952D+00  0.20660400000000D+00
            0.80999447055571D+00  0.32204405123952D+00  0.38022000000000D+00
            0.19000552944429D+00  0.00000000000000D+00  0.63084800000000D+00
            0.19000552944429D+00  0.00000000000000D+00  0.77789600000000D+00
            0.19000552944429D+00  0.00000000000000D+00  0.92494400000000D+00
            0.42348631462538D+00  0.29945396737628D+00  0.68283800000000D+00
            0.42348631462538D+00  0.29945396737628D+00  0.82988600000000D+00
            0.42348631462538D+00  0.29945396737628D+00  0.97693400000000D+00
            0.42348631462538D+00 -0.29945396737628D+00  0.68283800000000D+00
            0.42348631462538D+00 -0.29945396737628D+00  0.82988600000000D+00
            0.42348631462538D+00 -0.29945396737628D+00  0.97693400000000D+00
            0.00000000000000D+00  0.00000000000000D+00  0.73482600000000D+00
            0.00000000000000D+00  0.00000000000000D+00  0.88187400000000D+00
            0.00000000000000D+00  0.00000000000000D+00  0.10289220000000D+01
     znucl  0.22000000000000D+02  0.80000000000000D+01  0.46000000000000D+02
      zion  0.12000000000000D+02  0.60000000000000D+01  0.18000000000000D+02
 
 No information on the potentials yet 
 
 **** Database of total energy derivatives ****
 Number of data blocks=    2
  
 Total energy                 - # elements :       1
 -0.21122472023600D+04  0.00000000000000D+00
  
 1st derivatives              - # elements :      96
   1   1 -0.25114050350957D+01  0.00000000000000D+00
   2   1  0.17740635052070D+01  0.00000000000000D+00
   3   1  0.19571437453783D+04  0.00000000000000D+00
   1   2  0.18352770030145D+01  0.00000000000000D+00
   2   2 -0.35821058663029D+01  0.00000000000000D+00
   3   2 -0.18642883284530D+03  0.00000000000000D+00
   1   3  0.17991922451724D+01  0.00000000000000D+00
   2   3 -0.33115456130092D+01  0.00000000000000D+00
   3   3 -0.90106337040724D+02  0.00000000000000D+00
   1   4  0.33965484545108D+01  0.00000000000000D+00
   2   4 -0.72336672340907D+00  0.00000000000000D+00
   3   4 -0.17233978849962D+03  0.00000000000000D+00
   1   5 -0.31254339610096D+01  0.00000000000000D+00
   2   5  0.48523248257659D+01  0.00000000000000D+00
   3   5 -0.18631705971277D+03  0.00000000000000D+00
   1   6 -0.22304639288802D+01  0.00000000000000D+00
   2   6  0.32996263142100D+01  0.00000000000000D+00
   3   6 -0.72253289801391D+02  0.00000000000000D+00
   1   7  0.34538639349122D+01  0.00000000000000D+00
   2   7  0.73419930656761D+00  0.00000000000000D+00
   3   7  0.43449937555714D+02  0.00000000000000D+00
   1   8  0.15461078803267D+01  0.00000000000000D+00
   2   8  0.71856684403358D-01  0.00000000000000D+00
   3   8  0.10676088548191D+03  0.00000000000000D+00
   1   9  0.17213915002083D+01  0.00000000000000D+00
   2   9  0.93590639277350D+00  0.00000000000000D+00
   3   9  0.48844071096460D+02  0.00000000000000D+00
   1  10 -0.55675318429924D+00  0.00000000000000D+00
   2  10 -0.49966511055030D+00  0.00000000000000D+00
   3  10  0.76637712299115D+02  0.00000000000000D+00
   1  11  0.14569517634233D+01  0.00000000000000D+00
   2  11 -0.15392323339053D+01  0.00000000000000D+00
   3  11  0.81596397593338D+02  0.00000000000000D+00
   1  12  0.20131671894344D+01  0.00000000000000D+00
   2  12 -0.15699982301619D+01  0.00000000000000D+00
   3  12  0.15611169674854D+02  0.00000000000000D+00
   1  13 -0.12944209307331D+01  0.00000000000000D+00
   2  13  0.17900914945178D+01  0.00000000000000D+00
   3  13  0.10220009773539D+03  0.00000000000000D+00
   1  14 -0.27622215737533D+01  0.00000000000000D+00
   2  14  0.46146483896752D+00  0.00000000000000D+00
   3  14  0.95237525506146D+02  0.00000000000000D+00
   1  15 -0.31533868412560D+01  0.00000000000000D+00
   2  15 -0.70768035214763D+00  0.00000000000000D+00
   3  15  0.16855193341436D+02  0.00000000000000D+00
   1  16  0.14117390072765D+01  0.00000000000000D+00
   2  16 -0.21721869832274D+01  0.00000000000000D+00
   3  16  0.30724385034049D+02  0.00000000000000D+00
   1  17  0.42670780376394D+00  0.00000000000000D+00
   2  17 -0.57363746889910D+00  0.00000000000000D+00
   3  17  0.96333656428114D+02  0.00000000000000D+00
   1  18  0.93815635771095D+00  0.00000000000000D+00
   2  18 -0.57604371875842D+00  0.00000000000000D+00
   3  18  0.51202911192057D+02  0.00000000000000D+00
   1  19 -0.22073306328829D+01  0.00000000000000D+00
   2  19 -0.65229118869872D-01  0.00000000000000D+00
   3  19 -0.68505299150328D+02  0.00000000000000D+00
   1  20 -0.68435431355918D+01  0.00000000000000D+00
   2  20  0.14690590959301D+00  0.00000000000000D+00
   3  20  0.70595652239266D+02  0.00000000000000D+00
   1  21 -0.84083351613369D+01  0.00000000000000D+00
   2  21 -0.96314155381513D-01  0.00000000000000D+00
   3  21 -0.23330540092760D+02  0.00000000000000D+00
   1  22  0.11756746153660D+01  0.00000000000000D+00
   2  22  0.16746511268964D+01  0.00000000000000D+00
   3  22 -0.38837700585216D+02  0.00000000000000D+00
   1  23 -0.32897042658527D+01  0.00000000000000D+00
   2  23  0.36501981136843D+01  0.00000000000000D+00
   3  23 -0.68757376444805D+01  0.00000000000000D+00
   1  24 -0.20875322458620D+01  0.00000000000000D+00
   2  24  0.48218601618227D+01  0.00000000000000D+00
   3  24 -0.73016456001259D+01  0.00000000000000D+00
   1  25  0.62882736529606D+00  0.00000000000000D+00
   2  25 -0.15583464648730D+01  0.00000000000000D+00
   3  25 -0.39352808743194D+02  0.00000000000000D+00
   1  26 -0.30780751195943D+01  0.00000000000000D+00
   2  26 -0.34611070611248D+01  0.00000000000000D+00
   3  26 -0.33378262834760D+01  0.00000000000000D+00
   1  27 -0.21755030427824D+01  0.00000000000000D+00
   2  27 -0.49441766862313D+01  0.00000000000000D+00
   3  27 -0.30986275412045D+01  0.00000000000000D+00
   1  28  0.12979315824813D+02  0.00000000000000D+00
   2  28 -0.34064199153667D+00  0.00000000000000D+00
   3  28  0.50904739780894D+02  0.00000000000000D+00
   1  29  0.11416502204670D+02  0.00000000000000D+00
   2  29  0.21746283115894D+00  0.00000000000000D+00
   3  29  0.56101954025110D+02  0.00000000000000D+00
   1  30 -0.90418063788617D+00  0.00000000000000D+00
   2  30  0.71738119132900D+00  0.00000000000000D+00
   3  30 -0.20124592051474D+04  0.00000000000000D+00
   1  33 -0.14361451147235D-01  0.00000000000000D+00
   2  33 -0.15426191958608D-01  0.00000000000000D+00
   3  33 -0.12703975715574D-01  0.00000000000000D+00
   1  34  0.19880297022811D-03  0.00000000000000D+00
   2  34 -0.12840944180313D-02  0.00000000000000D+00
   3  34 -0.27699153073460D-03  0.00000000000000D+00
