 Fermi (or HOMO) energy (hartree) =   0.06122   Average Vxc (hartree)=  -0.31515
 Eigenvalues (hartree) for nkpt=  16  k points:
 kpt#   1, nband= 54, wtk=  0.06250, kpt= -0.1250  0.0000  0.0000 (reduced coord)
  -3.77448   -3.74533   -3.69934   -3.66296   -2.48103   -2.34994   -2.34448   -2.33679
  -2.33217   -2.32739   -2.30784   -2.30580   -2.28732   -2.25846   -2.25563   -2.24856
  -1.09187   -0.96170   -0.89096   -0.83675   -0.34966   -0.29044   -0.27785   -0.27717
  -0.26502   -0.23022   -0.17470   -0.17329   -0.17097   -0.14465   -0.12851   -0.10966
  -0.09143   -0.08457   -0.07031   -0.05730   -0.05467   -0.05136   -0.04871   -0.04220
  -0.02125   -0.01533   -0.00473   -0.00186    0.00601    0.00985    0.01272    0.01833
   0.02206    0.02948    0.04105    0.06122    0.07578    0.08348
 kpt#   2, nband= 54, wtk=  0.06250, kpt= -0.2500  0.5000  0.0000 (reduced coord)
  -3.77355   -3.74628   -3.69933   -3.66299   -2.47261   -2.35370   -2.34741   -2.34325
  -2.33386   -2.31584   -2.30967   -2.28877   -2.28491   -2.26781   -2.25192   -2.23738
  -1.09101   -0.96270   -0.89132   -0.83690   -0.29426   -0.27847   -0.27057   -0.23667
  -0.23096   -0.20814   -0.19347   -0.15517   -0.14440   -0.14345   -0.12877   -0.11422
  -0.11234   -0.09723   -0.08477   -0.07981   -0.06694   -0.05541   -0.04547   -0.03808
  -0.02839   -0.02555   -0.01760   -0.01217    0.00055    0.00518    0.00940    0.01658
   0.02251    0.02867    0.03432    0.03746    0.04769    0.06001
 kpt#   3, nband= 54, wtk=  0.06250, kpt= -0.1250  0.5000  0.5000 (reduced coord)
  -3.77376   -3.74632   -3.69943   -3.66309   -2.47524   -2.35665   -2.34861   -2.34780
  -2.32871   -2.32044   -2.31121   -2.29336   -2.28788   -2.26860   -2.25435   -2.24242
  -1.09100   -0.96270   -0.89143   -0.83676   -0.29457   -0.27984   -0.26951   -0.23831
  -0.22722   -0.21451   -0.19263   -0.15613   -0.14656   -0.14037   -0.13073   -0.11599
  -0.11307   -0.09974   -0.09147   -0.07964   -0.07449   -0.05890   -0.05069   -0.03895
  -0.02793   -0.02257   -0.02038   -0.01717   -0.00066    0.00298    0.00777    0.01050
   0.01724    0.02606    0.03072    0.03809    0.03939    0.05886
 kpt#   4, nband= 54, wtk=  0.06250, kpt= -0.3750  0.0000  0.0000 (reduced coord)
  -3.77441   -3.74561   -3.69946   -3.66310   -2.48623   -2.35125   -2.34247   -2.34146
  -2.33094   -2.32343   -2.31065   -2.30247   -2.28541   -2.26390   -2.25192   -2.25115
  -1.09176   -0.96174   -0.89068   -0.83707   -0.34423   -0.29222   -0.28214   -0.27960
  -0.26897   -0.24134   -0.17736   -0.17513   -0.16182   -0.13681   -0.12372   -0.10041
  -0.08724   -0.08149   -0.06879   -0.06066   -0.05597   -0.05072   -0.03948   -0.02999
  -0.02491   -0.00729   -0.00661   -0.00321    0.00483    0.00711    0.01300    0.01702
   0.02055    0.02935    0.03845    0.04752    0.05554    0.08003
 kpt#   5, nband= 54, wtk=  0.06250, kpt= -0.2500  0.0000  0.5000 (reduced coord)
  -3.77481   -3.74579   -3.69970   -3.66333   -2.48941   -2.35676   -2.35307   -2.34631
  -2.34296   -2.33362   -2.31803   -2.30830   -2.29107   -2.26976   -2.26267   -2.25614
  -1.09184   -0.96177   -0.89086   -0.83694   -0.35443   -0.29361   -0.28432   -0.28013
  -0.27306   -0.23805   -0.18106   -0.17630   -0.16752   -0.14593   -0.12836   -0.10440
  -0.09426   -0.08403   -0.07201   -0.06434   -0.05954   -0.05830   -0.04817   -0.04188
  -0.02451   -0.01285   -0.00941   -0.00752   -0.00149    0.00006    0.00756    0.01263
   0.02291    0.02910    0.04245    0.05600    0.05991    0.07204
 kpt#   6, nband= 54, wtk=  0.06250, kpt=  0.5000  0.5000  0.0000 (reduced coord)
  -3.77365   -3.74593   -3.69916   -3.66280   -2.47224   -2.35735   -2.34342   -2.33580
  -2.32231   -2.31369   -2.31103   -2.29107   -2.27894   -2.26618   -2.24224   -2.23909
  -1.09091   -0.96271   -0.89114   -0.83707   -0.29545   -0.27747   -0.27101   -0.23448
  -0.23383   -0.20455   -0.19573   -0.15348   -0.14713   -0.14546   -0.11931   -0.11252
  -0.10622   -0.09540   -0.08886   -0.06422   -0.05783   -0.05075   -0.03898   -0.03027
  -0.02201   -0.02045   -0.01369   -0.01092   -0.00533    0.00509    0.01407    0.02358
   0.02703    0.03439    0.03833    0.04035    0.05582    0.06849
 kpt#   7, nband= 54, wtk=  0.06250, kpt= -0.3750  0.5000  0.5000 (reduced coord)
  -3.77346   -3.74589   -3.69911   -3.66275   -2.46847   -2.35190   -2.34414   -2.33692
  -2.32406   -2.31123   -2.30542   -2.28595   -2.27991   -2.26577   -2.24913   -2.23395
  -1.09091   -0.96271   -0.89119   -0.83701   -0.29391   -0.27280   -0.26980   -0.23355
  -0.23310   -0.20394   -0.19537   -0.15190   -0.14527   -0.14316   -0.12203   -0.11271
  -0.10873   -0.09598   -0.08582   -0.07259   -0.05970   -0.05165   -0.04231   -0.02945
  -0.02349   -0.01946   -0.01446   -0.01129    0.00128    0.00739    0.01381    0.02047
   0.02984    0.03432    0.03819    0.04115    0.05504    0.06258
 kpt#   8, nband= 54, wtk=  0.06250, kpt=  0.3750  0.0000  0.0000 (reduced coord)
  -3.77441   -3.74561   -3.69946   -3.66310   -2.48623   -2.35125   -2.34247   -2.34146
  -2.33094   -2.32343   -2.31065   -2.30247   -2.28541   -2.26390   -2.25192   -2.25115
  -1.09176   -0.96174   -0.89068   -0.83707   -0.34423   -0.29222   -0.28214   -0.27960
  -0.26897   -0.24134   -0.17736   -0.17513   -0.16182   -0.13681   -0.12372   -0.10041
  -0.08724   -0.08149   -0.06879   -0.06066   -0.05597   -0.05072   -0.03948   -0.02999
  -0.02491   -0.00729   -0.00661   -0.00321    0.00483    0.00711    0.01300    0.01702
   0.02055    0.02935    0.03845    0.04752    0.05554    0.08003
 kpt#   9, nband= 54, wtk=  0.06250, kpt=  0.5000  0.0000  0.5000 (reduced coord)
  -3.77446   -3.74543   -3.69936   -3.66299   -2.48529   -2.34628   -2.34291   -2.33924
  -2.33460   -2.31635   -2.30950   -2.30010   -2.27977   -2.25894   -2.25506   -2.24315
  -1.09171   -0.96173   -0.89061   -0.83713   -0.34555   -0.29208   -0.28016   -0.27988
  -0.26926   -0.24099   -0.18150   -0.17548   -0.15849   -0.13297   -0.11861   -0.09861
  -0.08183   -0.08001   -0.07043   -0.05959   -0.05317   -0.04787   -0.03418   -0.02589
  -0.01990   -0.00883   -0.00837   -0.00194    0.00395    0.00945    0.01347    0.01780
   0.01899    0.02895    0.03926    0.05074    0.06080    0.08046
 kpt#  10, nband= 54, wtk=  0.06250, kpt=  0.2500  0.5000  0.0000 (reduced coord)
  -3.77355   -3.74628   -3.69933   -3.66299   -2.47261   -2.35370   -2.34741   -2.34325
  -2.33386   -2.31584   -2.30967   -2.28877   -2.28491   -2.26781   -2.25192   -2.23738
  -1.09101   -0.96270   -0.89132   -0.83690   -0.29426   -0.27847   -0.27057   -0.23667
  -0.23096   -0.20814   -0.19347   -0.15517   -0.14440   -0.14345   -0.12877   -0.11422
  -0.11234   -0.09723   -0.08477   -0.07981   -0.06694   -0.05541   -0.04547   -0.03808
  -0.02839   -0.02555   -0.01760   -0.01217    0.00055    0.00518    0.00940    0.01658
   0.02251    0.02867    0.03432    0.03746    0.04770    0.05995
 kpt#  11, nband= 54, wtk=  0.06250, kpt=  0.3750  0.5000  0.5000 (reduced coord)
  -3.77346   -3.74589   -3.69911   -3.66275   -2.46847   -2.35190   -2.34414   -2.33692
  -2.32406   -2.31123   -2.30542   -2.28595   -2.27991   -2.26577   -2.24913   -2.23395
  -1.09091   -0.96271   -0.89119   -0.83701   -0.29391   -0.27280   -0.26980   -0.23355
  -0.23310   -0.20394   -0.19537   -0.15190   -0.14527   -0.14316   -0.12203   -0.11271
  -0.10873   -0.09598   -0.08582   -0.07259   -0.05970   -0.05165   -0.04231   -0.02945
  -0.02349   -0.01946   -0.01446   -0.01129    0.00128    0.00739    0.01381    0.02047
   0.02984    0.03432    0.03819    0.04115    0.05504    0.06263
 kpt#  12, nband= 54, wtk=  0.06250, kpt=  0.1250  0.0000  0.0000 (reduced coord)
  -3.77448   -3.74533   -3.69934   -3.66296   -2.48103   -2.34994   -2.34448   -2.33679
  -2.33217   -2.32739   -2.30784   -2.30580   -2.28732   -2.25846   -2.25563   -2.24856
  -1.09187   -0.96170   -0.89096   -0.83675   -0.34966   -0.29044   -0.27785   -0.27717
  -0.26502   -0.23022   -0.17470   -0.17329   -0.17097   -0.14465   -0.12851   -0.10966
  -0.09143   -0.08457   -0.07031   -0.05730   -0.05467   -0.05136   -0.04871   -0.04220
  -0.02125   -0.01533   -0.00473   -0.00186    0.00601    0.00985    0.01272    0.01833
   0.02206    0.02948    0.04105    0.06122    0.07579    0.08354
 kpt#  13, nband= 54, wtk=  0.06250, kpt=  0.2500  0.0000  0.5000 (reduced coord)
  -3.77481   -3.74579   -3.69970   -3.66333   -2.48941   -2.35676   -2.35307   -2.34631
  -2.34296   -2.33362   -2.31803   -2.30830   -2.29107   -2.26976   -2.26267   -2.25614
  -1.09184   -0.96177   -0.89086   -0.83694   -0.35443   -0.29361   -0.28432   -0.28013
  -0.27306   -0.23805   -0.18106   -0.17630   -0.16752   -0.14593   -0.12836   -0.10440
  -0.09426   -0.08403   -0.07201   -0.06434   -0.05954   -0.05830   -0.04817   -0.04188
  -0.02451   -0.01285   -0.00941   -0.00752   -0.00149    0.00006    0.00756    0.01263
   0.02291    0.02910    0.04245    0.05600    0.05991    0.07222
 kpt#  14, nband= 54, wtk=  0.06250, kpt=  0.0000  0.5000  0.0000 (reduced coord)
  -3.77355   -3.74661   -3.69941   -3.66303   -2.47710   -2.35896   -2.34198   -2.33564
  -2.33437   -2.31687   -2.31225   -2.29365   -2.28978   -2.26495   -2.25232   -2.24101
  -1.09100   -0.96267   -0.89147   -0.83671   -0.29247   -0.28345   -0.26817   -0.24212
  -0.22506   -0.20979   -0.19378   -0.15566   -0.14872   -0.13979   -0.12249   -0.11768
  -0.11457   -0.09844   -0.09581   -0.07817   -0.07402   -0.06133   -0.05073   -0.04089
  -0.03225   -0.02666   -0.02053   -0.01179   -0.00170    0.00185    0.00925    0.01522
   0.01711    0.02528    0.03056    0.03586    0.04493    0.05861
 kpt#  15, nband= 54, wtk=  0.06250, kpt=  0.1250  0.5000  0.5000 (reduced coord)
  -3.77376   -3.74632   -3.69943   -3.66309   -2.47524   -2.35665   -2.34861   -2.34780
  -2.32871   -2.32044   -2.31121   -2.29336   -2.28788   -2.26860   -2.25435   -2.24242
  -1.09100   -0.96270   -0.89143   -0.83676   -0.29457   -0.27984   -0.26951   -0.23831
  -0.22722   -0.21451   -0.19263   -0.15613   -0.14656   -0.14037   -0.13073   -0.11599
  -0.11307   -0.09974   -0.09147   -0.07964   -0.07449   -0.05890   -0.05069   -0.03895
  -0.02793   -0.02257   -0.02038   -0.01717   -0.00066    0.00298    0.00777    0.01050
   0.01724    0.02606    0.03072    0.03809    0.03939    0.05882
 kpt#  16, nband= 54, wtk=  0.06250, kpt=  0.0000  0.0000  0.5000 (reduced coord)
  -3.77503   -3.74560   -3.69974   -3.66335   -2.48428   -2.36433   -2.35519   -2.35209
  -2.34256   -2.33859   -2.31939   -2.31366   -2.29857   -2.27143   -2.26325   -2.26176
  -1.09196   -0.96177   -0.89107   -0.83674   -0.35847   -0.29346   -0.28315   -0.28018
  -0.26854   -0.23059   -0.18096   -0.17841   -0.17491   -0.15462   -0.13477   -0.11546
  -0.09722   -0.08956   -0.07284   -0.06389   -0.05929   -0.05681   -0.05590   -0.05375
  -0.03036   -0.02081   -0.01091   -0.00819   -0.00204    0.00480    0.00875    0.01410
   0.01803    0.03141    0.03255    0.05813    0.06245    0.06671
