
 **** DERIVATIVE DATABASE ****    
+DDB, Version number    100401

  Note : temporary (transfer) database

    usepaw         0
     natom        10
      nkpt        16
    nsppol         1
      nsym         1
    ntypat         3
    occopt         1
     nband        54
     acell  0.86808000000000D+01  0.86808000000000D+01  0.25000000000000D+02
       amu  0.47880000000000D+02  0.15999400000000D+02  0.10642000000000D+03
   dilatmx  0.10000000000000D+01
      ecut  0.80000000000000D+01
    ecutsm  0.00000000000000D+00
     intxc         0
      iscf         7
       ixc         1
       kpt -0.12500000000000D+00  0.00000000000000D+00  0.00000000000000D+00
           -0.25000000000000D+00  0.50000000000000D+00  0.00000000000000D+00
           -0.12500000000000D+00  0.50000000000000D+00  0.50000000000000D+00
           -0.37500000000000D+00  0.00000000000000D+00  0.00000000000000D+00
           -0.25000000000000D+00  0.00000000000000D+00  0.50000000000000D+00
            0.50000000000000D+00  0.50000000000000D+00  0.00000000000000D+00
           -0.37500000000000D+00  0.50000000000000D+00  0.50000000000000D+00
            0.37500000000000D+00  0.00000000000000D+00  0.00000000000000D+00
            0.50000000000000D+00  0.00000000000000D+00  0.50000000000000D+00
            0.25000000000000D+00  0.50000000000000D+00  0.00000000000000D+00
            0.37500000000000D+00  0.50000000000000D+00  0.50000000000000D+00
            0.12500000000000D+00  0.00000000000000D+00  0.00000000000000D+00
            0.25000000000000D+00  0.00000000000000D+00  0.50000000000000D+00
            0.00000000000000D+00  0.50000000000000D+00  0.00000000000000D+00
            0.12500000000000D+00  0.50000000000000D+00  0.50000000000000D+00
            0.00000000000000D+00  0.00000000000000D+00  0.50000000000000D+00
    kptnrm  0.10000000000000D+01
     ngfft        30   30  200
    nspden         1
   nspinor         1
       occ  0.20000000000000D+01  0.20000000000000D+01  0.20000000000000D+01
            0.20000000000000D+01  0.20000000000000D+01  0.20000000000000D+01
            0.20000000000000D+01  0.20000000000000D+01  0.20000000000000D+01
            0.20000000000000D+01  0.20000000000000D+01  0.20000000000000D+01
            0.20000000000000D+01  0.20000000000000D+01  0.20000000000000D+01
            0.20000000000000D+01  0.20000000000000D+01  0.20000000000000D+01
            0.20000000000000D+01  0.20000000000000D+01  0.20000000000000D+01
            0.20000000000000D+01  0.20000000000000D+01  0.20000000000000D+01
            0.20000000000000D+01  0.20000000000000D+01  0.20000000000000D+01
            0.20000000000000D+01  0.20000000000000D+01  0.20000000000000D+01
            0.20000000000000D+01  0.20000000000000D+01  0.20000000000000D+01
            0.20000000000000D+01  0.20000000000000D+01  0.20000000000000D+01
            0.20000000000000D+01  0.20000000000000D+01  0.20000000000000D+01
            0.20000000000000D+01  0.20000000000000D+01  0.20000000000000D+01
            0.20000000000000D+01  0.20000000000000D+01  0.20000000000000D+01
            0.20000000000000D+01  0.20000000000000D+01  0.20000000000000D+01
            0.20000000000000D+01  0.20000000000000D+01  0.20000000000000D+01
            0.20000000000000D+01  0.00000000000000D+00  0.00000000000000D+00
     rprim  0.10000000000000D+01  0.00000000000000D+00  0.00000000000000D+00
            0.00000000000000D+00  0.10000000000000D+01  0.00000000000000D+00
            0.00000000000000D+00  0.00000000000000D+00  0.10000000000000D+01
  dfpt_sciss  0.00000000000000D+00
    spinat  0.00000000000000D+00  0.00000000000000D+00  0.00000000000000D+00
            0.00000000000000D+00  0.00000000000000D+00  0.00000000000000D+00
            0.00000000000000D+00  0.00000000000000D+00  0.00000000000000D+00
            0.00000000000000D+00  0.00000000000000D+00  0.00000000000000D+00
            0.00000000000000D+00  0.00000000000000D+00  0.00000000000000D+00
            0.00000000000000D+00  0.00000000000000D+00  0.00000000000000D+00
            0.00000000000000D+00  0.00000000000000D+00  0.00000000000000D+00
            0.00000000000000D+00  0.00000000000000D+00  0.00000000000000D+00
            0.00000000000000D+00  0.00000000000000D+00  0.00000000000000D+00
            0.00000000000000D+00  0.00000000000000D+00  0.00000000000000D+00
    symafm         1
    symrel         1    0    0    0    1    0    0    0    1
     tnons  0.00000000000000D+00  0.00000000000000D+00  0.00000000000000D+00
    tolwfr  0.10000000000000D+01
   tphysel  0.00000000000000D+00
    tsmear  0.10000000000000D-01
     typat         1    1    2    2    2    2    3    3    3    3
       wtk  0.62500000000000D-01  0.62500000000000D-01  0.62500000000000D-01
            0.62500000000000D-01  0.62500000000000D-01  0.62500000000000D-01
            0.62500000000000D-01  0.62500000000000D-01  0.62500000000000D-01
            0.62500000000000D-01  0.62500000000000D-01  0.62500000000000D-01
            0.62500000000000D-01  0.62500000000000D-01  0.62500000000000D-01
            0.62500000000000D-01
      xred  0.00000000000000D+00  0.00000000000000D+00  0.00000000000000D+00
            0.50000000000000D+00  0.32204405123952D+00  0.17361600000000D+00
            0.86808013086352D+01  0.00000000000000D+00  0.10764000000000D+00
            0.69000552944429D+00  0.00000000000000D+00  0.23959200000000D+00
            0.19000552944429D+00  0.32204405123952D+00  0.28125600000000D+00
            0.80999447055571D+00  0.32204405123952D+00  0.65976000000000D-01
            0.19000552944429D+00  0.00000000000000D+00  0.56723200000000D+00
            0.42348631462538D+00  0.29945396737628D+00  0.67121200000000D+00
            0.42348631462538D+00 -0.29945396737628D+00  0.67121200000000D+00
            0.00000000000000D+00  0.00000000000000D+00  0.77518800000000D+00
     znucl  0.22000000000000D+02  0.80000000000000D+01  0.46000000000000D+02
      zion  0.40000000000000D+01  0.60000000000000D+01  0.18000000000000D+02
 
 No information on the potentials yet 
 
 **** Database of total energy derivatives ****
 Number of data blocks=    2
  
 Total energy                 - # elements :       1
 -0.58923722766748D+03  0.00000000000000D+00
  
 1st derivatives              - # elements :      36
   1   1 -0.10772027383096D+01  0.00000000000000D+00
   2   1  0.85921302864109D+00  0.00000000000000D+00
   3   1  0.40886584494963D+01  0.00000000000000D+00
   1   2  0.13587588093014D+01  0.00000000000000D+00
   2   2 -0.18353227693002D+01  0.00000000000000D+00
   3   2 -0.18970039691710D+01  0.00000000000000D+00
   1   3  0.27845681853490D+00  0.00000000000000D+00
   2   3  0.18493853711703D+01  0.00000000000000D+00
   3   3 -0.62143377973038D+00  0.00000000000000D+00
   1   4 -0.53387625367161D+00  0.00000000000000D+00
   2   4  0.10094367393677D+01  0.00000000000000D+00
   3   4 -0.11983381953341D+01  0.00000000000000D+00
   1   5  0.28885337508075D+00  0.00000000000000D+00
   2   5 -0.10112687108531D+00  0.00000000000000D+00
   3   5 -0.38211495892633D+00  0.00000000000000D+00
   1   6 -0.34092922059894D+00  0.00000000000000D+00
   2   6 -0.17647411582351D+01  0.00000000000000D+00
   3   6  0.13847394826362D+01  0.00000000000000D+00
   1   7  0.24668049018939D+00  0.00000000000000D+00
   2   7 -0.89054619401138D-02  0.00000000000000D+00
   3   7  0.54185262346621D+00  0.00000000000000D+00
   1   8 -0.26318128281732D+00  0.00000000000000D+00
   2   8  0.59040289785262D+01  0.00000000000000D+00
   3   8 -0.79798517290274D+00  0.00000000000000D+00
   1   9 -0.25562906519434D+00  0.00000000000000D+00
   2   9 -0.59148592531574D+01  0.00000000000000D+00
   3   9 -0.78404463755289D+00  0.00000000000000D+00
   1  10  0.28223862794971D+00  0.00000000000000D+00
   2  10  0.10625002125859D-01  0.00000000000000D+00
   3  10 -0.32615967090231D+00  0.00000000000000D+00
   1  13  0.17945786831075D-01  0.00000000000000D+00
   2  13  0.15951425832792D-01  0.00000000000000D+00
   3  13  0.17692967182605D-01  0.00000000000000D+00
   1  14 -0.45422805015999D-04  0.00000000000000D+00
   2  14  0.18751624052295D-03  0.00000000000000D+00
   3  14  0.22949371264155D-03  0.00000000000000D+00
