 Fermi (or HOMO) energy (hartree) =  -0.23961   Average Vxc (hartree)=  -0.10323
 Eigenvalues (hartree) for nkpt=   2  k points:
 kpt#   1, nband= 62, wtk=  0.50000, kpt=  0.1250  0.5000  0.5000 (reduced coord)
  -3.62399   -3.57732   -3.45990   -3.26223   -2.43851   -2.35620   -2.35111   -2.32291
  -2.31547   -2.31083   -2.30000   -2.22175   -2.20414   -2.19888   -2.15040   -2.04046
  -2.02688   -2.02517   -1.46070   -1.45788   -1.44079   -1.31472   -1.30538   -1.27785
  -1.00744   -0.90000   -0.81171   -0.74874   -0.71444   -0.69664   -0.69466   -0.61857
  -0.61717   -0.59099   -0.58383   -0.57616   -0.54333   -0.53004   -0.51951   -0.51377
  -0.49195   -0.46524   -0.45993   -0.45694   -0.45564   -0.44266   -0.42252   -0.39547
  -0.39369   -0.36736   -0.36220   -0.35758   -0.35150   -0.35101   -0.32733   -0.31851
  -0.27039   -0.26315   -0.25147   -0.24241   -0.23513   -0.20133
 kpt#   2, nband= 62, wtk=  0.50000, kpt=  0.3750  0.5000  0.5000 (reduced coord)
  -3.62399   -3.57732   -3.45990   -3.26222   -2.43851   -2.35620   -2.35111   -2.32291
  -2.31550   -2.31083   -2.30000   -2.22175   -2.20414   -2.19888   -2.15041   -2.04044
  -2.02687   -2.02516   -1.46070   -1.45791   -1.44087   -1.31478   -1.30543   -1.27791
  -1.00710   -0.89994   -0.81108   -0.74937   -0.71463   -0.69686   -0.69415   -0.61792
  -0.61415   -0.59111   -0.58246   -0.57667   -0.54411   -0.52738   -0.51444   -0.49124
  -0.48796   -0.47268   -0.46379   -0.45888   -0.45738   -0.44285   -0.42841   -0.42124
  -0.39333   -0.37554   -0.36520   -0.35829   -0.35207   -0.35142   -0.34780   -0.32808
  -0.26652   -0.25966   -0.24867   -0.23961   -0.21236   -0.20108
