
 **** DERIVATIVE DATABASE ****    
+DDB, Version number    100401

  Note : temporary (transfer) database

    usepaw         0
     natom        10
      nkpt         2
    nsppol         1
      nsym         1
    ntypat         3
    occopt         1
     nband        62
     acell  0.86808000000000D+01  0.86808000000000D+01  0.80000000000000D+02
       amu  0.47880000000000D+02  0.15999400000000D+02  0.10642000000000D+03
   dilatmx  0.10000000000000D+01
      ecut  0.60000000000000D+02
    ecutsm  0.00000000000000D+00
     intxc         0
      iscf         7
       ixc        11
       kpt  0.12500000000000D+00  0.50000000000000D+00  0.50000000000000D+00
            0.37500000000000D+00  0.50000000000000D+00  0.50000000000000D+00
    kptnrm  0.10000000000000D+01
     ngfft        64   64  576
    nspden         1
   nspinor         1
       occ  0.20000000000000D+01  0.20000000000000D+01  0.20000000000000D+01
            0.20000000000000D+01  0.20000000000000D+01  0.20000000000000D+01
            0.20000000000000D+01  0.20000000000000D+01  0.20000000000000D+01
            0.20000000000000D+01  0.20000000000000D+01  0.20000000000000D+01
            0.20000000000000D+01  0.20000000000000D+01  0.20000000000000D+01
            0.20000000000000D+01  0.20000000000000D+01  0.20000000000000D+01
            0.20000000000000D+01  0.20000000000000D+01  0.20000000000000D+01
            0.20000000000000D+01  0.20000000000000D+01  0.20000000000000D+01
            0.20000000000000D+01  0.20000000000000D+01  0.20000000000000D+01
            0.20000000000000D+01  0.20000000000000D+01  0.20000000000000D+01
            0.20000000000000D+01  0.20000000000000D+01  0.20000000000000D+01
            0.20000000000000D+01  0.20000000000000D+01  0.20000000000000D+01
            0.20000000000000D+01  0.20000000000000D+01  0.20000000000000D+01
            0.20000000000000D+01  0.20000000000000D+01  0.20000000000000D+01
            0.20000000000000D+01  0.20000000000000D+01  0.20000000000000D+01
            0.20000000000000D+01  0.20000000000000D+01  0.20000000000000D+01
            0.20000000000000D+01  0.20000000000000D+01  0.20000000000000D+01
            0.20000000000000D+01  0.20000000000000D+01  0.20000000000000D+01
            0.20000000000000D+01  0.20000000000000D+01  0.20000000000000D+01
            0.20000000000000D+01  0.20000000000000D+01  0.20000000000000D+01
            0.00000000000000D+00  0.00000000000000D+00
     rprim  0.10000000000000D+01  0.00000000000000D+00  0.00000000000000D+00
            0.00000000000000D+00  0.10000000000000D+01  0.00000000000000D+00
            0.00000000000000D+00  0.00000000000000D+00  0.10000000000000D+01
  dfpt_sciss  0.00000000000000D+00
    spinat  0.00000000000000D+00  0.00000000000000D+00  0.00000000000000D+00
            0.00000000000000D+00  0.00000000000000D+00  0.00000000000000D+00
            0.00000000000000D+00  0.00000000000000D+00  0.00000000000000D+00
            0.00000000000000D+00  0.00000000000000D+00  0.00000000000000D+00
            0.00000000000000D+00  0.00000000000000D+00  0.00000000000000D+00
            0.00000000000000D+00  0.00000000000000D+00  0.00000000000000D+00
            0.00000000000000D+00  0.00000000000000D+00  0.00000000000000D+00
            0.00000000000000D+00  0.00000000000000D+00  0.00000000000000D+00
            0.00000000000000D+00  0.00000000000000D+00  0.00000000000000D+00
            0.00000000000000D+00  0.00000000000000D+00  0.00000000000000D+00
    symafm         1
    symrel         1    0    0    0    1    0    0    0    1
     tnons  0.00000000000000D+00  0.00000000000000D+00  0.00000000000000D+00
    tolwfr  0.10000000000000D+01
   tphysel  0.00000000000000D+00
    tsmear  0.10000000000000D-01
     typat         1    1    2    2    2    2    3    3    3    3
       wtk  0.50000000000000D+00  0.50000000000000D+00
      xred  0.00000000000000D+00  0.00000000000000D+00  0.00000000000000D+00
            0.50000000000000D+00  0.32204405123952D+00  0.54255000000000D-01
            0.86808013086352D+01  0.00000000000000D+00  0.33637500000000D-01
            0.69000552944429D+00  0.00000000000000D+00  0.74872500000000D-01
            0.19000552944429D+00  0.32204405123952D+00  0.87892500000000D-01
            0.80999447055571D+00  0.32204405123952D+00  0.20617500000000D-01
            0.19000552944429D+00  0.00000000000000D+00  0.17726000000000D+00
            0.42348631462538D+00  0.29945396737628D+00  0.20975375000000D+00
            0.42348631462538D+00 -0.29945396737628D+00  0.20975375000000D+00
            0.00000000000000D+00  0.00000000000000D+00  0.24224625000000D+00
     znucl  0.22000000000000D+02  0.80000000000000D+01  0.46000000000000D+02
      zion  0.12000000000000D+02  0.60000000000000D+01  0.18000000000000D+02
 
 No information on the potentials yet 
 
 **** Database of total energy derivatives ****
 Number of data blocks=    2
  
 Total energy                 - # elements :       1
 -0.71781341529437D+03  0.00000000000000D+00
  
 1st derivatives              - # elements :      36
   1   1 -0.77185668185878D+00  0.00000000000000D+00
   2   1 -0.34703927048333D+00  0.00000000000000D+00
   3   1  0.36372174640048D+02  0.00000000000000D+00
   1   2 -0.56300002659455D+00  0.00000000000000D+00
   2   2 -0.57344955619689D+00  0.00000000000000D+00
   3   2  0.15411616861641D+03  0.00000000000000D+00
   1   3  0.21584215006871D+01  0.00000000000000D+00
   2   3  0.21665464839090D+01  0.00000000000000D+00
   3   3 -0.73711703433960D+02  0.00000000000000D+00
   1   4  0.66276891397449D-01  0.00000000000000D+00
   2   4  0.63507069631780D+00  0.00000000000000D+00
   3   4 -0.46161120066181D+02  0.00000000000000D+00
   1   5 -0.15005943310562D+01  0.00000000000000D+00
   2   5 -0.42271764829690D-01  0.00000000000000D+00
   3   5 -0.38925155867281D+02  0.00000000000000D+00
   1   6  0.95299624902897D+00  0.00000000000000D+00
   2   6 -0.21009919171712D+01  0.00000000000000D+00
   3   6 -0.71609438825495D+02  0.00000000000000D+00
   1   7  0.12144984324865D+01  0.00000000000000D+00
   2   7 -0.40996025243366D+00  0.00000000000000D+00
   3   7 -0.34161332973616D+02  0.00000000000000D+00
   1   8  0.49387746080445D-01  0.00000000000000D+00
   2   8  0.35029902864233D+01  0.00000000000000D+00
   3   8  0.83292119740321D+01  0.00000000000000D+00
   1   9 -0.65784714384286D-01  0.00000000000000D+00
   2   9 -0.29828502883108D+01  0.00000000000000D+00
   3   9 -0.13565691736157D+01  0.00000000000000D+00
   1  10 -0.22373393239025D+01  0.00000000000000D+00
   2  10 -0.74443489393168D-01  0.00000000000000D+00
   3  10  0.36586144099176D+02  0.00000000000000D+00
   1  13  0.10223924667921D-03  0.00000000000000D+00
   2  13 -0.11632846634240D-04  0.00000000000000D+00
   3  13  0.16354946898047D-02  0.00000000000000D+00
   1  14 -0.57706075619085D-04  0.00000000000000D+00
   2  14  0.16995439129325D-03  0.00000000000000D+00
   3  14  0.13889086027775D-04  0.00000000000000D+00
