 Fermi (or HOMO) energy (hartree) =   0.06641   Average Vxc (hartree)=  -0.43930
 Eigenvalues (hartree) for nkpt=   8  k points:
 kpt#   1, nband= 17, wtk=  0.12500, kpt=  0.0000  0.2500  0.0000 (reduced coord)
  -0.90138   -0.87103   -0.85489   -0.85400   -0.21043   -0.14133   -0.12936   -0.06227
  -0.05899   -0.05321   -0.04838   -0.02087   -0.00160    0.03141    0.05836    0.06641
   0.21372
 kpt#   2, nband= 17, wtk=  0.12500, kpt=  0.2500  0.5000  0.0000 (reduced coord)
  -0.88538   -0.88538   -0.85589   -0.85589   -0.17796   -0.17796   -0.09773   -0.09773
  -0.05405   -0.05405   -0.01523   -0.01523   -0.00491   -0.00491    0.03824    0.03824
   0.30276
 kpt#   3, nband= 17, wtk=  0.06250, kpt=  0.0000  0.0000  0.2500 (reduced coord)
  -0.89303   -0.86043   -0.85577   -0.85577   -0.19538   -0.12393   -0.11316   -0.11225
  -0.10107   -0.10107   -0.07686   -0.03724   -0.03724    0.03494    0.03494    0.04058
   0.25856
 kpt#   4, nband= 17, wtk=  0.12500, kpt=  0.0000  0.5000  0.2500 (reduced coord)
  -0.87753   -0.87753   -0.85543   -0.85543   -0.15765   -0.15765   -0.13178   -0.13178
  -0.08413   -0.08413   -0.02957   -0.02957    0.00121    0.00121    0.04108    0.04108
   0.34484
 kpt#   5, nband= 17, wtk=  0.25000, kpt=  0.2500  0.2500  0.2500 (reduced coord)
  -0.88495   -0.86821   -0.85695   -0.85561   -0.18206   -0.15882   -0.13413   -0.11312
  -0.08926   -0.05728   -0.05198   -0.02446   -0.01662    0.01995    0.04000    0.04925
   0.29710
 kpt#   6, nband= 17, wtk=  0.06250, kpt=  0.5000  0.5000  0.2500 (reduced coord)
  -0.87478   -0.87478   -0.85806   -0.85806   -0.17445   -0.17445   -0.14193   -0.14193
  -0.03621   -0.03621   -0.00512   -0.00512    0.03138    0.03138    0.03558    0.03558
   0.37200
 kpt#   7, nband= 17, wtk=  0.12500, kpt=  0.0000  0.2500  0.5000 (reduced coord)
  -0.86683   -0.86683   -0.85757   -0.85757   -0.15846   -0.15846   -0.12817   -0.12816
  -0.08907   -0.08907   -0.02844   -0.02844   -0.00719   -0.00719    0.01636    0.01636
   0.38535
 kpt#   8, nband= 17, wtk=  0.12500, kpt=  0.2500  0.5000  0.5000 (reduced coord)
  -0.86536   -0.86536   -0.85901   -0.85901   -0.18419   -0.18419   -0.14533   -0.14533
  -0.07678   -0.07678   -0.02525   -0.02525    0.02111    0.02111    0.03847    0.03847
   0.35130
