 Fermi (or HOMO) energy (hartree) =   0.60964   Average Vxc (hartree)=  -0.52702
 Eigenvalues (hartree) for nkpt=   4  k points:
 kpt#   1, nband= 37, wtk=  0.37500, kpt= -0.2500  0.5000  0.0000 (reduced coord)
  -3.15210   -3.15210   -3.14966   -3.14966   -1.78770   -1.78770   -1.76434   -1.76434
  -1.76249   -1.76249   -1.76077   -1.76077   -1.75996   -1.75996   -1.74609   -1.74609
   0.34579    0.34579    0.38404    0.38404    0.39779    0.39779    0.41857    0.41857
   0.43763    0.43763    0.44341    0.44341    0.51317    0.51317    0.52721    0.52721
   0.53190    0.53190    0.59211    0.59213    0.61314
 kpt#   2, nband= 37, wtk=  0.25000, kpt= -0.2500 -0.2500  0.2500 (reduced coord)
  -3.15201   -3.14985   -3.14985   -3.14985   -1.76725   -1.76725   -1.76725   -1.75994
  -1.75994   -1.75994   -1.75342   -1.75342   -1.75342   -1.74766   -1.74766   -1.72037
   0.30457    0.35093    0.35093    0.35093    0.41232    0.41232    0.41232    0.46778
   0.46778    0.47137    0.47405    0.47405    0.47405    0.52704    0.52704    0.52704
   0.56464    0.56464    0.60964    0.60964    0.60964
 kpt#   3, nband= 37, wtk=  0.18750, kpt= -0.2500  0.0000  0.0000 (reduced coord)
  -3.15299   -3.15108   -3.14784   -3.14784   -1.79445   -1.79445   -1.76229   -1.76229
  -1.75913   -1.75913   -1.75628   -1.74831   -1.74831   -1.73293   -1.73293   -1.70937
   0.26599    0.31354    0.32646    0.36526    0.36526    0.38766    0.38766    0.43019
   0.47843    0.47843    0.52482    0.53280    0.53280    0.54602    0.56259    0.56982
   0.59178    0.59179    0.59491    0.59491    0.62882
 kpt#   4, nband= 37, wtk=  0.18750, kpt=  0.5000  0.5000  0.2500 (reduced coord)
  -3.14991   -3.14991   -3.14991   -3.14991   -1.75257   -1.75257   -1.75257   -1.75257
  -1.73441   -1.73441   -1.73441   -1.73441   -1.72139   -1.72139   -1.72139   -1.72139
   0.35067    0.35067    0.35067    0.35067    0.45312    0.45312    0.45312    0.45312
   0.49445    0.49445    0.49445    0.49445    0.50971    0.50971    0.50971    0.50971
   0.59175    0.59175    0.59175    0.59175    0.66841
