
 **** DERIVATIVE DATABASE ****    
+DDB, Version number    100401

  Note : temporary (transfer) database

    usepaw         0
     natom         6
      nkpt        16
    nsppol         1
      nsym         1
    ntypat         2
    occopt         1
     nband        17
     acell  0.86808000000000D+01  0.55911000000000D+01  0.86808000000000D+01
       amu  0.47880000000000D+02  0.15999400000000D+02
   dilatmx  0.12000000000000D+01
      ecut  0.80000000000000D+01
    ecutsm  0.50000000000000D+00
     intxc         0
      iscf         7
       ixc         1
       kpt -0.25000000000000D+00  0.50000000000000D+00  0.00000000000000D+00
            0.50000000000000D+00 -0.25000000000000D+00  0.00000000000000D+00
           -0.25000000000000D+00 -0.25000000000000D+00  0.25000000000000D+00
           -0.25000000000000D+00  0.00000000000000D+00  0.00000000000000D+00
           -0.25000000000000D+00  0.25000000000000D+00  0.25000000000000D+00
            0.50000000000000D+00  0.50000000000000D+00  0.25000000000000D+00
           -0.25000000000000D+00  0.50000000000000D+00  0.50000000000000D+00
            0.00000000000000D+00 -0.25000000000000D+00  0.00000000000000D+00
            0.25000000000000D+00 -0.25000000000000D+00  0.25000000000000D+00
            0.50000000000000D+00 -0.25000000000000D+00  0.50000000000000D+00
           -0.25000000000000D+00 -0.25000000000000D+00 -0.25000000000000D+00
            0.50000000000000D+00  0.00000000000000D+00  0.25000000000000D+00
           -0.25000000000000D+00  0.00000000000000D+00  0.50000000000000D+00
            0.00000000000000D+00  0.50000000000000D+00  0.25000000000000D+00
            0.00000000000000D+00 -0.25000000000000D+00  0.50000000000000D+00
            0.00000000000000D+00  0.00000000000000D+00  0.25000000000000D+00
    kptnrm  0.10000000000000D+01
     ngfft        30   18   30
    nspden         1
   nspinor         1
       occ  0.20000000000000D+01  0.20000000000000D+01  0.20000000000000D+01
            0.20000000000000D+01  0.20000000000000D+01  0.20000000000000D+01
            0.20000000000000D+01  0.20000000000000D+01  0.20000000000000D+01
            0.20000000000000D+01  0.20000000000000D+01  0.20000000000000D+01
            0.20000000000000D+01  0.20000000000000D+01  0.20000000000000D+01
            0.20000000000000D+01  0.00000000000000D+00
     rprim  0.10000000000000D+01  0.00000000000000D+00  0.00000000000000D+00
            0.00000000000000D+00  0.10000000000000D+01  0.00000000000000D+00
            0.00000000000000D+00  0.00000000000000D+00  0.10000000000000D+01
  dfpt_sciss  0.00000000000000D+00
    spinat  0.00000000000000D+00  0.00000000000000D+00  0.00000000000000D+00
            0.00000000000000D+00  0.00000000000000D+00  0.00000000000000D+00
            0.00000000000000D+00  0.00000000000000D+00  0.00000000000000D+00
            0.00000000000000D+00  0.00000000000000D+00  0.00000000000000D+00
            0.00000000000000D+00  0.00000000000000D+00  0.00000000000000D+00
            0.00000000000000D+00  0.00000000000000D+00  0.00000000000000D+00
    symafm         1
    symrel         1    0    0    0    1    0    0    0    1
     tnons  0.00000000000000D+00  0.00000000000000D+00  0.00000000000000D+00
    tolwfr  0.10000000000000D+01
   tphysel  0.00000000000000D+00
    tsmear  0.10000000000000D-01
     typat         1    1    2    2    2    2
       wtk  0.62500000000000D-01  0.62500000000000D-01  0.62500000000000D-01
            0.62500000000000D-01  0.62500000000000D-01  0.62500000000000D-01
            0.62500000000000D-01  0.62500000000000D-01  0.62500000000000D-01
            0.62500000000000D-01  0.62500000000000D-01  0.62500000000000D-01
            0.62500000000000D-01  0.62500000000000D-01  0.62500000000000D-01
            0.62500000000000D-01
      xred -0.57130589809345D-01  0.34392080978380D-01  0.38943580981985D-01
            0.37789104730111D+00  0.78777804812136D+00  0.51712359213600D+00
           -0.64359659482706D-01  0.47567029514093D+00  0.33292536496894D+00
           -0.11521947398005D+00  0.11013138715899D+01  0.60161087177006D+00
            0.38584344258455D+00  0.33221912418432D+00  0.80753123883627D+00
            0.43910738710499D+00  0.11501525766584D+01  0.20186535130675D+00
     znucl  0.22000000000000D+02  0.80000000000000D+01
      zion  0.40000000000000D+01  0.60000000000000D+01
 
 No information on the potentials yet 
 
 **** Database of total energy derivatives ****
 Number of data blocks=    2
  
 Total energy                 - # elements :       1
 -0.68701134112884D+02  0.00000000000000D+00
  
 1st derivatives              - # elements :      24
   1   1 -0.12950829213680D+00  0.00000000000000D+00
   2   1 -0.11754743491074D-02  0.00000000000000D+00
   3   1  0.19712662088969D+00  0.00000000000000D+00
   1   2  0.10010374902492D+00  0.00000000000000D+00
   2   2  0.99517477388125D-01  0.00000000000000D+00
   3   2 -0.42313225311058D-02  0.00000000000000D+00
   1   3 -0.19119569623656D-01  0.00000000000000D+00
   2   3 -0.25446912018538D+00  0.00000000000000D+00
   3   3 -0.41201562525268D-01  0.00000000000000D+00
   1   4 -0.37973080647807D-01  0.00000000000000D+00
   2   4 -0.17756133864736D+00  0.00000000000000D+00
   3   4 -0.14279214544317D+00  0.00000000000000D+00
   1   5  0.57562496389110D-01  0.00000000000000D+00
   2   5 -0.21312817999537D-01  0.00000000000000D+00
   3   5  0.26049549796238D+00  0.00000000000000D+00
   1   6  0.15853760598499D+00  0.00000000000000D+00
   2   6 -0.44636456007010D+00  0.00000000000000D+00
   3   6  0.62235607953059D-01  0.00000000000000D+00
   1   9  0.47674866252668D-03  0.00000000000000D+00
   2   9 -0.43249335683433D-03  0.00000000000000D+00
   3   9 -0.48668617966257D-03  0.00000000000000D+00
   1  10  0.11248074326311D-03  0.00000000000000D+00
   2  10 -0.90193272454912D-04  0.00000000000000D+00
   3  10  0.92065855012850D-04  0.00000000000000D+00
