 Fermi (or HOMO) energy (hartree) =   0.00795   Average Vxc (hartree)=  -0.38008
 Eigenvalues (hartree) for nkpt=   8  k points:
 kpt#   1, nband= 17, wtk=  0.12500, kpt= -0.2500  0.5000  0.0000 (reduced coord)
  -0.92308   -0.92308   -0.91525   -0.91525   -0.18967   -0.18967   -0.15127   -0.15127
  -0.10909   -0.10909   -0.07306   -0.07306   -0.04801   -0.04801   -0.01603   -0.01603
   0.17219
 kpt#   2, nband= 17, wtk=  0.12500, kpt=  0.5000 -0.2500  0.0000 (reduced coord)
  -0.91962   -0.91962   -0.91577   -0.91577   -0.18894   -0.18894   -0.16022   -0.16022
  -0.12331   -0.12331   -0.08514   -0.08514   -0.04415   -0.04415   -0.03343   -0.03343
   0.21614
 kpt#   3, nband= 17, wtk=  0.25000, kpt= -0.2500 -0.2500  0.2500 (reduced coord)
  -0.92586   -0.91939   -0.91625   -0.91517   -0.21245   -0.17884   -0.14370   -0.13465
  -0.12290   -0.09610   -0.08586   -0.07037   -0.06998   -0.02831   -0.02654   -0.00109
   0.13211
 kpt#   4, nband= 17, wtk=  0.06250, kpt= -0.2500  0.0000  0.0000 (reduced coord)
  -0.92894   -0.91593   -0.91593   -0.91580   -0.22484   -0.13669   -0.13008   -0.12205
  -0.11641   -0.11641   -0.10589   -0.09473   -0.09473   -0.03017   -0.03017    0.00478
   0.10329
 kpt#   5, nband= 17, wtk=  0.12500, kpt=  0.5000  0.5000  0.2500 (reduced coord)
  -0.91919   -0.91919   -0.91615   -0.91615   -0.20909   -0.20909   -0.16282   -0.16282
  -0.11290   -0.11290   -0.07697   -0.07697   -0.03418   -0.03418   -0.01809   -0.01809
   0.17959
 kpt#   6, nband= 17, wtk=  0.06250, kpt= -0.2500  0.5000  0.5000 (reduced coord)
  -0.92178   -0.92178   -0.91658   -0.91658   -0.20588   -0.20588   -0.14214   -0.14214
  -0.09092   -0.09092   -0.08326   -0.08326   -0.03171   -0.03171   -0.02924   -0.02924
   0.17695
 kpt#   7, nband= 17, wtk=  0.12500, kpt=  0.0000 -0.2500  0.0000 (reduced coord)
  -0.93159   -0.91999   -0.91606   -0.91452   -0.23292   -0.15865   -0.12952   -0.10800
  -0.08452   -0.07818   -0.06883   -0.06038   -0.04820   -0.02941   -0.01838    0.00795
   0.05568
 kpt#   8, nband= 17, wtk=  0.12500, kpt=  0.0000  0.5000  0.2500 (reduced coord)
  -0.92525   -0.92525   -0.91605   -0.91605   -0.20156   -0.20156   -0.12033   -0.12033
  -0.07496   -0.07496   -0.06633   -0.06633   -0.04350   -0.04350   -0.02222   -0.02222
   0.13904
