 Fermi (or HOMO) energy (hartree) =   0.39636   Average Vxc (hartree)=  -0.43524
 Eigenvalues (hartree) for nkpt=  10  k points:
 kpt#   1, nband=160, wtk=  0.12500, kpt= -0.1250  0.0000  0.0000 (reduced coord)
  -3.65147   -3.63803   -3.58193   -3.58128   -3.53588   -3.53526   -3.51016   -3.50825
  -3.49748   -3.36029   -3.35975   -2.25152   -2.24904   -2.24648   -2.23642   -2.23058
  -2.21652   -2.19800   -2.18865   -2.18425   -2.17696   -2.17369   -2.15974   -2.15004
  -2.14362   -2.13800   -2.13191   -2.12692   -2.12567   -2.12035   -2.11396   -2.11307
  -2.11037   -2.10410   -2.10076   -2.09695   -2.09484   -2.08642   -2.08436   -1.98449
  -1.97370   -1.97042   -1.96003   -1.95846   -1.94830   -1.84926   -1.82040   -1.76689
  -1.73855   -1.73388   -1.03523   -1.02894   -0.83888   -0.73954   -0.73266   -0.64532
  -0.62359   -0.58378   -0.58046   -0.56234   -0.55970   -0.55940   -0.53706   -0.53627
  -0.52617   -0.11397   -0.08861   -0.08489   -0.03861   -0.02837   -0.02617   -0.02456
  -0.01588   -0.00793    0.00158    0.00391    0.00509    0.00584    0.01577    0.02090
   0.02364    0.02712    0.02939    0.03317    0.03594    0.04837    0.05248    0.05514
   0.05576    0.05729    0.06037    0.06151    0.06388    0.06926    0.08088    0.08555
   0.08631    0.08795    0.09082    0.09583    0.09931    0.09995    0.10199    0.10675
   0.10954    0.11453    0.11762    0.11883    0.12115    0.12305    0.12907    0.13080
   0.13251    0.13651    0.13875    0.14054    0.14292    0.14477    0.14930    0.15178
   0.15331    0.15715    0.16110    0.16364    0.16438    0.16795    0.17050    0.17237
   0.17317    0.17586    0.17813    0.17880    0.18147    0.18323    0.19033    0.19413
   0.20035    0.20944    0.21144    0.21958    0.22299    0.23090    0.23897    0.24554
   0.25225    0.26512    0.27473    0.27710    0.27883    0.28347    0.29007    0.30659
   0.31702    0.32931    0.37291    0.39387    0.40016    0.42346    0.42725    0.45905
 kpt#   2, nband=160, wtk=  0.12500, kpt= -0.2500  0.5000  0.0000 (reduced coord)
  -3.65129   -3.63783   -3.58196   -3.58083   -3.53592   -3.53482   -3.51007   -3.50795
  -3.49730   -3.36035   -3.35928   -2.24749   -2.24375   -2.23558   -2.22872   -2.22284
  -2.20085   -2.19078   -2.17696   -2.17563   -2.17307   -2.16787   -2.14817   -2.14277
  -2.13280   -2.13101   -2.12466   -2.12428   -2.11769   -2.11395   -2.10701   -2.10302
  -2.10115   -2.09651   -2.09556   -2.09185   -2.08764   -2.07695   -2.07205   -1.97441
  -1.96608   -1.96258   -1.95518   -1.94935   -1.93282   -1.82552   -1.77684   -1.74086
  -1.73744   -1.65558   -1.03351   -1.02719   -0.81595   -0.76423   -0.73138   -0.61474
  -0.61044   -0.59228   -0.58983   -0.58347   -0.56879   -0.56231   -0.54652   -0.53794
  -0.51229   -0.05739   -0.04437   -0.04005   -0.02895   -0.01692   -0.01270   -0.00739
  -0.00323    0.00509    0.00596    0.00968    0.01107    0.01483    0.01621    0.01926
   0.02506    0.03169    0.03608    0.04226    0.04987    0.05110    0.05276    0.05530
   0.05869    0.06385    0.06871    0.07529    0.07871    0.07969    0.08165    0.08205
   0.08644    0.09059    0.09299    0.09473    0.10083    0.10383    0.11070    0.11202
   0.11515    0.11605    0.11803    0.12335    0.12390    0.12510    0.13005    0.13286
   0.13434    0.13697    0.13846    0.13926    0.14218    0.14296    0.14786    0.15165
   0.15423    0.15604    0.15890    0.16058    0.16348    0.16531    0.16749    0.16980
   0.17333    0.17672    0.17833    0.18056    0.18286    0.19353    0.19660    0.19900
   0.20153    0.20605    0.21211    0.21432    0.21487    0.22151    0.22401    0.22610
   0.22895    0.24528    0.24662    0.25793    0.26572    0.27260    0.27339    0.28578
   0.29146    0.29279    0.29834    0.30523    0.33089    0.34227    0.35995    0.36292
 kpt#   3, nband=160, wtk=  0.12500, kpt= -0.1250  0.5000  0.5000 (reduced coord)
  -3.65134   -3.63791   -3.58185   -3.58107   -3.53581   -3.53506   -3.51005   -3.50808
  -3.49736   -3.36023   -3.35951   -2.25403   -2.24746   -2.23463   -2.22677   -2.22478
  -2.20642   -2.19261   -2.17853   -2.17451   -2.17193   -2.16845   -2.15244   -2.14598
  -2.13371   -2.12956   -2.12516   -2.12410   -2.11786   -2.11580   -2.10842   -2.10421
  -2.10174   -2.09841   -2.09342   -2.09281   -2.08635   -2.07967   -2.07406   -1.97540
  -1.96528   -1.96324   -1.95705   -1.95099   -1.93706   -1.85186   -1.79635   -1.72867
  -1.71951   -1.66669   -1.03374   -1.02663   -0.82182   -0.75848   -0.73138   -0.62023
  -0.61150   -0.59789   -0.59079   -0.58237   -0.56153   -0.56123   -0.54922   -0.53899
  -0.50401   -0.05981   -0.05624   -0.03573   -0.03272   -0.01830   -0.01313   -0.01183
  -0.00532    0.00206    0.00237    0.00851    0.01605    0.01797    0.01932    0.02488
   0.02789    0.02959    0.03541    0.04459    0.04713    0.05020    0.05447    0.05631
   0.06206    0.06424    0.06814    0.07181    0.07580    0.07678    0.08031    0.08214
   0.08395    0.08785    0.09054    0.09190    0.09426    0.09832    0.10327    0.10696
   0.10817    0.11390    0.11617    0.11800    0.12065    0.12310    0.12731    0.13095
   0.13324    0.13522    0.13921    0.14165    0.14460    0.14662    0.14912    0.15035
   0.15134    0.15543    0.15871    0.15978    0.16205    0.16331    0.16678    0.16982
   0.17255    0.17348    0.17646    0.18016    0.18325    0.19370    0.19786    0.19947
   0.20249    0.20506    0.20802    0.21291    0.21369    0.21635    0.22147    0.22626
   0.23950    0.24139    0.25037    0.25541    0.27132    0.27691    0.27962    0.28290
   0.29124    0.29709    0.30036    0.30383    0.37180    0.38369    0.39474    0.40513
 kpt#   4, nband=160, wtk=  0.12500, kpt= -0.3750  0.0000  0.0000 (reduced coord)
  -3.65139   -3.63796   -3.58175   -3.58127   -3.53571   -3.53525   -3.51005   -3.50817
  -3.49741   -3.36014   -3.35971   -2.25242   -2.24830   -2.23686   -2.23401   -2.22234
  -2.21536   -2.19348   -2.17827   -2.17498   -2.17188   -2.16935   -2.16020   -2.14669
  -2.13414   -2.13092   -2.12648   -2.12451   -2.11971   -2.11692   -2.11173   -2.10740
  -2.10303   -2.09877   -2.09518   -2.09192   -2.08720   -2.08402   -2.08005   -1.97618
  -1.96723   -1.96335   -1.95864   -1.95119   -1.94262   -1.83134   -1.78740   -1.74066
  -1.72778   -1.72101   -1.03514   -1.02712   -0.82697   -0.75171   -0.73138   -0.63000
  -0.60847   -0.60285   -0.58188   -0.58164   -0.56061   -0.55898   -0.55231   -0.53643
  -0.50520   -0.07179   -0.06400   -0.04705   -0.03257   -0.03010   -0.01819   -0.01257
  -0.00310    0.00285    0.00731    0.01281    0.01501    0.01793    0.02106    0.02311
   0.02916    0.03150    0.03877    0.04011    0.04483    0.04688    0.05264    0.05565
   0.05755    0.06099    0.06703    0.07107    0.07744    0.07973    0.08096    0.08250
   0.08498    0.08814    0.09006    0.09404    0.09698    0.09830    0.10101    0.10640
   0.10968    0.11397    0.11640    0.12015    0.12132    0.12351    0.12752    0.12836
   0.13116    0.13227    0.13565    0.13761    0.14094    0.14296    0.14604    0.14764
   0.14924    0.15373    0.15780    0.16012    0.16093    0.16404    0.16747    0.16892
   0.17266    0.17520    0.17798    0.18340    0.18707    0.19157    0.19319    0.19554
   0.20411    0.20448    0.20586    0.20905    0.21603    0.23128    0.23483    0.24455
   0.24676    0.25272    0.25787    0.26215    0.27277    0.28117    0.28503    0.28692
   0.29145    0.29517    0.30027    0.31057    0.39258    0.40173    0.41536    0.42795
 kpt#   5, nband=160, wtk=  0.12500, kpt= -0.2500  0.0000  0.5000 (reduced coord)
  -3.65146   -3.63803   -3.58189   -3.58129   -3.53584   -3.53526   -3.51015   -3.50823
  -3.49747   -3.36027   -3.35972   -2.25206   -2.24823   -2.24076   -2.23898   -2.22708
  -2.21726   -2.19304   -2.18286   -2.18079   -2.17943   -2.17824   -2.16055   -2.14602
  -2.13874   -2.13687   -2.13118   -2.12717   -2.12489   -2.11675   -2.11399   -2.10983
  -2.10620   -2.10387   -2.10016   -2.09680   -2.09326   -2.08704   -2.08504   -1.97646
  -1.97387   -1.96892   -1.96143   -1.95882   -1.94793   -1.81525   -1.81373   -1.76772
  -1.74369   -1.74201   -1.03521   -1.02800   -0.83334   -0.74548   -0.73386   -0.63923
  -0.61768   -0.59177   -0.58112   -0.57052   -0.56001   -0.55935   -0.54448   -0.53677
  -0.51581   -0.09346   -0.07810   -0.06808   -0.03465   -0.03041   -0.02350   -0.02137
  -0.01480   -0.00529    0.00465    0.00534    0.01023    0.01550    0.01788    0.01937
   0.02412    0.02793    0.03546    0.03893    0.04782    0.04998    0.05169    0.05385
   0.05673    0.05914    0.06235    0.06617    0.07277    0.07696    0.07825    0.08425
   0.08627    0.08855    0.09410    0.09563    0.09803    0.10209    0.10389    0.10497
   0.10661    0.10907    0.11387    0.11750    0.11941    0.12336    0.12539    0.12840
   0.12959    0.13446    0.13510    0.13971    0.14163    0.14396    0.14730    0.14987
   0.15092    0.15240    0.15497    0.15778    0.16427    0.16523    0.16865    0.16931
   0.17257    0.17447    0.17550    0.17835    0.18486    0.18570    0.19302    0.19533
   0.20291    0.20393    0.20952    0.21316    0.22043    0.23163    0.23264    0.25003
   0.25754    0.26538    0.27040    0.27463    0.28395    0.29058    0.29478    0.29797
   0.30440    0.31751    0.32252    0.33674    0.39353    0.41468    0.42173    0.43653
 kpt#   6, nband=160, wtk=  0.06250, kpt=  0.5000  0.5000  0.0000 (reduced coord)
  -3.65097   -3.63750   -3.58169   -3.58040   -3.53564   -3.53440   -3.50977   -3.50756
  -3.49694   -3.36007   -3.35885   -2.24846   -2.23781   -2.22186   -2.22033   -2.20719
  -2.19420   -2.18105   -2.17845   -2.17093   -2.16267   -2.15868   -2.13682   -2.12976
  -2.12406   -2.12314   -2.12187   -2.11670   -2.10871   -2.10684   -2.10066   -2.09247
  -2.09196   -2.08913   -2.08782   -2.07778   -2.07199   -2.06979   -2.06109   -1.96562
  -1.95791   -1.95490   -1.94647   -1.93086   -1.92705   -1.81147   -1.72511   -1.72405
  -1.68400   -1.58545   -1.03064   -1.02433   -0.80698   -0.77288   -0.73121   -0.60894
  -0.60059   -0.58855   -0.58620   -0.58437   -0.57719   -0.56409   -0.56399   -0.52242
  -0.51608   -0.05853   -0.04537   -0.02249   -0.01753   -0.00998   -0.00478   -0.00279
  -0.00202    0.00228    0.00688    0.01224    0.01346    0.01880    0.02041    0.02713
   0.03187    0.03618    0.04158    0.04186    0.04861    0.04996    0.05745    0.06171
   0.06278    0.06616    0.06891    0.06965    0.07983    0.08553    0.09016    0.09617
   0.09924    0.09946    0.10029    0.10129    0.10331    0.10537    0.11097    0.11114
   0.11543    0.12218    0.12461    0.12995    0.13362    0.13430    0.13520    0.13972
   0.14223    0.14447    0.14634    0.15215    0.15509    0.16086    0.16352    0.16369
   0.16598    0.16806    0.17257    0.17728    0.18036    0.18376    0.18549    0.18719
   0.18911    0.19121    0.19218    0.19276    0.19753    0.19895    0.20355    0.20443
   0.20879    0.21301    0.22628    0.22758    0.23332    0.23765    0.23971    0.24022
   0.24141    0.24281    0.24971    0.25097    0.25648    0.26022    0.26144    0.26286
   0.27115    0.27453    0.28299    0.29172    0.29788    0.30473    0.32590    0.33949
 kpt#   7, nband=160, wtk=  0.12500, kpt= -0.3750  0.5000  0.5000 (reduced coord)
  -3.65113   -3.63765   -3.58188   -3.58054   -3.53584   -3.53454   -3.50995   -3.50772
  -3.49712   -3.36027   -3.35899   -2.24990   -2.23771   -2.23227   -2.22725   -2.21346
  -2.19832   -2.17971   -2.17864   -2.17729   -2.17141   -2.16391   -2.14209   -2.13537
  -2.13381   -2.12921   -2.12364   -2.12354   -2.11391   -2.11084   -2.10581   -2.09925
  -2.09702   -2.09607   -2.09512   -2.08498   -2.08082   -2.07616   -2.06747   -1.96859
  -1.96536   -1.96334   -1.95295   -1.93968   -1.93100   -1.80997   -1.75034   -1.72677
  -1.72553   -1.65145   -1.03244   -1.02614   -0.81021   -0.77018   -0.73244   -0.60951
  -0.60644   -0.58899   -0.58479   -0.58373   -0.57858   -0.56352   -0.55676   -0.52671
  -0.51743   -0.05805   -0.04325   -0.02450   -0.01692   -0.01517   -0.01049   -0.00600
  -0.00325    0.00049    0.00175    0.00860    0.01401    0.02091    0.02399    0.02495
   0.02657    0.03081    0.03524    0.03861    0.04977    0.05130    0.05467    0.05953
   0.06245    0.06406    0.06766    0.07378    0.07953    0.08176    0.08494    0.08875
   0.08993    0.09203    0.09455    0.09910    0.10431    0.10692    0.10906    0.11333
   0.11625    0.12037    0.12239    0.12601    0.12735    0.12996    0.13328    0.13490
   0.13973    0.14143    0.14460    0.14640    0.14856    0.15249    0.15570    0.15700
   0.16053    0.16326    0.16717    0.16838    0.17085    0.17290    0.17748    0.17933
   0.18139    0.18346    0.18508    0.18684    0.18765    0.19049    0.19388    0.19675
   0.20187    0.20651    0.21436    0.21938    0.22123    0.22607    0.23522    0.23663
   0.23922    0.24577    0.24896    0.25478    0.26143    0.26938    0.27380    0.27858
   0.28441    0.28778    0.29406    0.29965    0.30077    0.31496    0.32082    0.33108
 kpt#   8, nband=160, wtk=  0.06250, kpt=  0.5000  0.0000  0.5000 (reduced coord)
  -3.65142   -3.63799   -3.58175   -3.58133   -3.53572   -3.53530   -3.51008   -3.50821
  -3.49744   -3.36014   -3.35975   -2.25687   -2.25181   -2.23991   -2.22688   -2.22499
  -2.21093   -2.19682   -2.17973   -2.17754   -2.17473   -2.16762   -2.15557   -2.14858
  -2.13451   -2.13380   -2.12547   -2.12463   -2.12048   -2.11775   -2.11023   -2.10776
  -2.10554   -2.09915   -2.09440   -2.09186   -2.08838   -2.07983   -2.07801   -1.98050
  -1.96573   -1.96485   -1.95524   -1.95135   -1.94012   -1.83952   -1.80263   -1.74592
  -1.73918   -1.69125   -1.03470   -1.02651   -0.82439   -0.75479   -0.73258   -0.62216
  -0.61187   -0.59992   -0.59105   -0.58189   -0.56081   -0.55879   -0.55522   -0.53624
  -0.50062   -0.06558   -0.05625   -0.03809   -0.03277   -0.02220   -0.01803   -0.01015
  -0.00769   -0.00066    0.00462    0.00641    0.01216    0.01637    0.02313    0.02426
   0.02801    0.03198    0.03358    0.03574    0.04543    0.05243    0.05378    0.05567
   0.05772    0.05998    0.06939    0.07188    0.07411    0.07785    0.07949    0.08223
   0.08404    0.08494    0.08725    0.08808    0.09176    0.09385    0.10094    0.10415
   0.10708    0.10888    0.11185    0.11931    0.12501    0.12747    0.12948    0.13045
   0.13291    0.13392    0.13719    0.13803    0.14339    0.14576    0.14930    0.15245
   0.15373    0.15656    0.15714    0.15925    0.16111    0.16223    0.16389    0.16931
   0.17391    0.17498    0.17688    0.18010    0.18261    0.19243    0.19728    0.19941
   0.20088    0.20512    0.20562    0.21127    0.21365    0.21759    0.22076    0.22855
   0.23883    0.24492    0.25179    0.25456    0.27052    0.28155    0.28468    0.28713
   0.28914    0.29413    0.29796    0.30871    0.38857    0.40307    0.40896    0.42763
 kpt#   9, nband=160, wtk=  0.06250, kpt=  0.0000  0.5000  0.0000 (reduced coord)
  -3.65141   -3.63798   -3.58174   -3.58131   -3.53571   -3.53528   -3.51007   -3.50819
  -3.49743   -3.36013   -3.35973   -2.25362   -2.25054   -2.23905   -2.22702   -2.22351
  -2.21094   -2.19260   -2.17986   -2.17830   -2.17493   -2.16891   -2.15680   -2.14607
  -2.13619   -2.13392   -2.12637   -2.12452   -2.11901   -2.11752   -2.11269   -2.10787
  -2.10542   -2.09868   -2.09592   -2.09365   -2.08938   -2.08174   -2.08108   -1.97573
  -1.97032   -1.96643   -1.95834   -1.95112   -1.94198   -1.85556   -1.79710   -1.74674
  -1.72837   -1.68772   -1.03441   -1.02620   -0.82460   -0.75538   -0.73327   -0.62216
  -0.61191   -0.59988   -0.59110   -0.58196   -0.56086   -0.55880   -0.55470   -0.53625
  -0.50027   -0.06358   -0.05724   -0.03892   -0.03170   -0.02171   -0.01338   -0.00971
  -0.00819   -0.00083    0.00508    0.00806    0.01344    0.01536    0.02316    0.02394
   0.02596    0.03274    0.03492    0.03836    0.04402    0.05095    0.05589    0.05666
   0.05835    0.06034    0.07010    0.07162    0.07405    0.07648    0.08094    0.08127
   0.08501    0.08599    0.08695    0.08974    0.09211    0.09509    0.10156    0.10349
   0.10554    0.10987    0.11182    0.11731    0.12203    0.12450    0.12738    0.13002
   0.13159    0.13308    0.13794    0.14045    0.14192    0.14460    0.14859    0.15258
   0.15466    0.15553    0.15662    0.15937    0.16004    0.16498    0.16862    0.16973
   0.17210    0.17646    0.17973    0.18010    0.18162    0.18737    0.19419    0.19600
   0.19863    0.20243    0.20691    0.20885    0.21112    0.21430    0.21578    0.22919
   0.24011    0.24454    0.24908    0.26124    0.26909    0.27649    0.28290    0.28385
   0.29173    0.29728    0.30101    0.30771    0.38737    0.38920    0.40971    0.42689
 kpt#  10, nband=160, wtk=  0.06250, kpt=  0.0000  0.0000  0.5000 (reduced coord)
  -3.65149   -3.63807   -3.58187   -3.58141   -3.53582   -3.53538   -3.51017   -3.50830
  -3.49751   -3.36023   -3.35988   -2.25390   -2.25206   -2.24802   -2.23818   -2.23357
  -2.21890   -2.19985   -2.19288   -2.18844   -2.18109   -2.17188   -2.16195   -2.15213
  -2.14762   -2.13902   -2.13292   -2.12989   -2.12657   -2.12538   -2.11625   -2.11455
  -2.10957   -2.10670   -2.10020   -2.09918   -2.09479   -2.08876   -2.08727   -1.98919
  -1.97741   -1.96631   -1.96536   -1.95889   -1.94879   -1.86350   -1.83469   -1.79359
  -1.73059   -1.72814   -1.03526   -1.02901   -0.84156   -0.73741   -0.73310   -0.64739
  -0.62570   -0.58145   -0.57967   -0.55979   -0.55933   -0.55928   -0.53726   -0.53483
  -0.52854   -0.12294   -0.09390   -0.09218   -0.04070   -0.03029   -0.02643   -0.02375
  -0.02073   -0.01147   -0.00286   -0.00235    0.00439    0.00537    0.01152    0.01377
   0.01692    0.02076    0.02776    0.03262    0.03761    0.04746    0.04952    0.05309
   0.05358    0.05385    0.05607    0.06431    0.06900    0.07731    0.07814    0.08153
   0.08642    0.08671    0.08788    0.09592    0.09885    0.10379    0.10467    0.10664
   0.10735    0.11214    0.11423    0.11817    0.12067    0.12394    0.12565    0.13016
   0.13200    0.13593    0.14043    0.14080    0.14581    0.14713    0.14721    0.14967
   0.15261    0.16086    0.16198    0.16537    0.16729    0.16892    0.16919    0.17122
   0.17522    0.17614    0.18070    0.18361    0.18535    0.19193    0.19726    0.20557
   0.20650    0.21185    0.21850    0.22880    0.22926    0.23025    0.24030    0.24222
   0.25301    0.25950    0.27338    0.27420    0.28580    0.28804    0.30683    0.31121
   0.32335    0.33299    0.36323    0.39636    0.39866    0.40212    0.42020    0.42144
