 Fermi (or HOMO) energy (hartree) =   0.29995   Average Vxc (hartree)=  -0.32898
 Eigenvalues (hartree) for nkpt=   2  k points:
 kpt#   1, nband=184, wtk=  0.50000, kpt=  0.1250  0.5000  0.5000 (reduced coord)
  -3.56252   -3.54242   -3.27612   -3.26286   -3.14388   -3.11338   -3.06792   -3.06134
  -3.03683   -3.03107   -2.94287   -2.91591   -2.44363   -2.43065   -2.27668   -2.15352
  -2.14150   -2.13903   -2.12996   -2.01883   -2.00708   -2.00602   -1.99774   -1.95104
  -1.91008   -1.89987   -1.89778   -1.88241   -1.88240   -1.88149   -1.87199   -1.86187
  -1.85294   -1.84632   -1.83564   -1.81669   -1.80595   -1.80136   -1.79798   -1.79578
  -1.78672   -1.78604   -1.77985   -1.77748   -1.76795   -1.76430   -1.74899   -1.74866
  -1.69777   -1.69711   -1.69243   -1.66940   -1.66837   -1.66338   -1.40501   -1.39492
  -1.37420   -1.04027   -1.02222   -1.01777   -1.00677   -1.00570   -0.99107   -0.97862
  -0.96256   -0.95283   -0.94978   -0.94001   -0.90822   -0.90094   -0.88978   -0.88232
  -0.59816   -0.58303   -0.57587   -0.57098   -0.56767   -0.55787   -0.54599   -0.47471
  -0.41467   -0.39619   -0.37231   -0.37107   -0.36288   -0.36172   -0.35833   -0.29166
  -0.26422   -0.25118   -0.22121   -0.21600   -0.21444   -0.20727   -0.20481   -0.20259
  -0.18994   -0.18893   -0.18272   -0.17975   -0.17656   -0.17336   -0.16031   -0.15553
  -0.15517   -0.14906   -0.14844   -0.14427   -0.13514   -0.12658   -0.11376   -0.10982
  -0.09962   -0.09940   -0.09672   -0.09394   -0.08820   -0.08578   -0.07885   -0.07157
  -0.06725   -0.06696   -0.05990   -0.05949   -0.05745   -0.05346   -0.04927   -0.04379
  -0.04269   -0.03734   -0.03693   -0.03249   -0.03093   -0.03011   -0.02421   -0.02308
  -0.02144   -0.01642   -0.01026   -0.00798   -0.00434    0.00385    0.00904    0.01069
   0.01657    0.02092    0.02325    0.02660    0.03469    0.03606    0.04088    0.04654
   0.05063    0.05719    0.05886    0.06970    0.07215    0.08929    0.09535    0.09609
   0.10950    0.11831    0.13987    0.14644    0.15908    0.16610    0.18127    0.19408
   0.19941    0.21351    0.22561    0.22996    0.23658    0.24646    0.25349    0.26417
   0.28053    0.28748    0.29413    0.29995    0.30552    0.32006    0.34961    0.35599
 kpt#   2, nband=184, wtk=  0.50000, kpt=  0.3750  0.5000  0.5000 (reduced coord)
  -3.56252   -3.54243   -3.27612   -3.26286   -3.14388   -3.11338   -3.06792   -3.06133
  -3.03683   -3.03107   -2.94285   -2.91592   -2.44363   -2.43065   -2.27667   -2.15353
  -2.14150   -2.13905   -2.12996   -2.01881   -2.00708   -2.00599   -1.99774   -1.95104
  -1.91008   -1.89987   -1.89778   -1.88241   -1.88240   -1.88149   -1.87199   -1.86187
  -1.85294   -1.84633   -1.83564   -1.81669   -1.80596   -1.80134   -1.79798   -1.79578
  -1.78673   -1.78605   -1.77986   -1.77748   -1.76795   -1.76430   -1.74900   -1.74865
  -1.69777   -1.69710   -1.69242   -1.66940   -1.66837   -1.66339   -1.40505   -1.39493
  -1.37417   -1.04027   -1.02221   -1.01778   -1.00682   -1.00570   -0.99110   -0.97864
  -0.96253   -0.95301   -0.94967   -0.94004   -0.90822   -0.90097   -0.88979   -0.88235
  -0.59794   -0.58304   -0.57584   -0.57100   -0.56766   -0.55799   -0.54610   -0.47469
  -0.41450   -0.39604   -0.37324   -0.36922   -0.36416   -0.35974   -0.35778   -0.29169
  -0.26423   -0.25093   -0.21915   -0.21593   -0.21567   -0.20630   -0.20619   -0.19903
  -0.19019   -0.18839   -0.17937   -0.17655   -0.17440   -0.17357   -0.15649   -0.15248
  -0.14558   -0.14463   -0.14360   -0.13706   -0.13479   -0.12401   -0.11200   -0.10938
  -0.10024   -0.10001   -0.09707   -0.09223   -0.08876   -0.08565   -0.07514   -0.07197
  -0.06865   -0.06169   -0.06086   -0.05886   -0.05379   -0.05301   -0.04740   -0.04171
  -0.03855   -0.03614   -0.03505   -0.03228   -0.03137   -0.02911   -0.02375   -0.02187
  -0.01056   -0.00785   -0.00773   -0.00302   -0.00020    0.00485    0.01008    0.01324
   0.01885    0.02109    0.02503    0.02887    0.03966    0.04062    0.04264    0.04323
   0.04979    0.05735    0.06167    0.06537    0.07293    0.08592    0.09190    0.09663
   0.11260    0.11901    0.12171    0.14011    0.15929    0.16416    0.17388    0.18741
   0.19602    0.20093    0.21017    0.21884    0.22434    0.23011    0.23827    0.25216
   0.26022    0.26543    0.28261    0.29131    0.29743    0.30697    0.32576    0.35008
