
 **** DERIVATIVE DATABASE ****    
+DDB, Version number    100401

  Note : temporary (transfer) database

    usepaw         0
     natom        10
      nkpt         2
    nsppol         1
      nsym         1
    ntypat         3
    occopt         1
     nband        62
     acell  0.86808000000000D+01  0.86808000000000D+01  0.40000000000000D+02
       amu  0.47880000000000D+02  0.15999400000000D+02  0.10642000000000D+03
   dilatmx  0.11000000000000D+01
      ecut  0.60000000000000D+02
    ecutsm  0.50000000000000D+00
     intxc         0
      iscf         7
       ixc        11
       kpt  0.12500000000000D+00  0.50000000000000D+00  0.50000000000000D+00
            0.37500000000000D+00  0.50000000000000D+00  0.50000000000000D+00
    kptnrm  0.10000000000000D+01
     ngfft        72   72  320
    nspden         1
   nspinor         1
       occ  0.20000000000000D+01  0.20000000000000D+01  0.20000000000000D+01
            0.20000000000000D+01  0.20000000000000D+01  0.20000000000000D+01
            0.20000000000000D+01  0.20000000000000D+01  0.20000000000000D+01
            0.20000000000000D+01  0.20000000000000D+01  0.20000000000000D+01
            0.20000000000000D+01  0.20000000000000D+01  0.20000000000000D+01
            0.20000000000000D+01  0.20000000000000D+01  0.20000000000000D+01
            0.20000000000000D+01  0.20000000000000D+01  0.20000000000000D+01
            0.20000000000000D+01  0.20000000000000D+01  0.20000000000000D+01
            0.20000000000000D+01  0.20000000000000D+01  0.20000000000000D+01
            0.20000000000000D+01  0.20000000000000D+01  0.20000000000000D+01
            0.20000000000000D+01  0.20000000000000D+01  0.20000000000000D+01
            0.20000000000000D+01  0.20000000000000D+01  0.20000000000000D+01
            0.20000000000000D+01  0.20000000000000D+01  0.20000000000000D+01
            0.20000000000000D+01  0.20000000000000D+01  0.20000000000000D+01
            0.20000000000000D+01  0.20000000000000D+01  0.20000000000000D+01
            0.20000000000000D+01  0.20000000000000D+01  0.20000000000000D+01
            0.20000000000000D+01  0.20000000000000D+01  0.20000000000000D+01
            0.20000000000000D+01  0.20000000000000D+01  0.20000000000000D+01
            0.20000000000000D+01  0.20000000000000D+01  0.20000000000000D+01
            0.20000000000000D+01  0.20000000000000D+01  0.20000000000000D+01
            0.00000000000000D+00  0.00000000000000D+00
     rprim  0.10000000000000D+01  0.00000000000000D+00  0.00000000000000D+00
            0.00000000000000D+00  0.10000000000000D+01  0.00000000000000D+00
            0.00000000000000D+00  0.00000000000000D+00  0.10000000000000D+01
  dfpt_sciss  0.00000000000000D+00
    spinat  0.00000000000000D+00  0.00000000000000D+00  0.00000000000000D+00
            0.00000000000000D+00  0.00000000000000D+00  0.00000000000000D+00
            0.00000000000000D+00  0.00000000000000D+00  0.00000000000000D+00
            0.00000000000000D+00  0.00000000000000D+00  0.00000000000000D+00
            0.00000000000000D+00  0.00000000000000D+00  0.00000000000000D+00
            0.00000000000000D+00  0.00000000000000D+00  0.00000000000000D+00
            0.00000000000000D+00  0.00000000000000D+00  0.00000000000000D+00
            0.00000000000000D+00  0.00000000000000D+00  0.00000000000000D+00
            0.00000000000000D+00  0.00000000000000D+00  0.00000000000000D+00
            0.00000000000000D+00  0.00000000000000D+00  0.00000000000000D+00
    symafm         1
    symrel         1    0    0    0    1    0    0    0    1
     tnons  0.00000000000000D+00  0.00000000000000D+00  0.00000000000000D+00
    tolwfr  0.10000000000000D+01
   tphysel  0.00000000000000D+00
    tsmear  0.10000000000000D-01
     typat         1    1    2    2    2    2    3    3    3    3
       wtk  0.50000000000000D+00  0.50000000000000D+00
      xred  0.50125778936696D+01  0.84233610768754D+00 -0.23133625178399D+01
            0.15267044881658D+01 -0.10499279935838D+01  0.34229780905136D+01
            0.15837235831363D+02  0.16013975542068D+01  0.61899473250004D+00
            0.15782831035132D+01  0.23671308700008D+00  0.19848993400197D+01
            0.69071683766783D+00 -0.19705798125032D+01 -0.29950824488467D+00
            0.10919298648140D+01  0.48531657022709D+00  0.26751194304676D+00
           -0.31456919996081D+01  0.24674094864213D+01  0.13961356684056D+01
           -0.53000337577398D+01  0.14183019533069D+01 -0.56620605170421D+01
           -0.56003075353105D+01 -0.34819803559428D+01 -0.76013752889243D+00
            0.21637027023973D+00  0.41714555689868D+00  0.35651265341734D+01
     znucl  0.22000000000000D+02  0.80000000000000D+01  0.46000000000000D+02
      zion  0.12000000000000D+02  0.60000000000000D+01  0.18000000000000D+02
 
 No information on the potentials yet 
 
 **** Database of total energy derivatives ****
 Number of data blocks=    2
  
 Total energy                 - # elements :       1
  0.27353604344205D+03  0.00000000000000D+00
  
 1st derivatives              - # elements :      36
   1   1  0.42157070979182D+02  0.00000000000000D+00
   2   1 -0.34893349392649D+02  0.00000000000000D+00
   3   1 -0.64115288961283D+03  0.00000000000000D+00
   1   2  0.22941938539239D+02  0.00000000000000D+00
   2   2 -0.11225756656265D+02  0.00000000000000D+00
   3   2 -0.61911677450617D+02  0.00000000000000D+00
   1   3 -0.79338317180259D+01  0.00000000000000D+00
   2   3  0.14996671515012D+01  0.00000000000000D+00
   3   3  0.46752720209904D+02  0.00000000000000D+00
   1   4 -0.83785245859164D-01  0.00000000000000D+00
   2   4  0.10673103352238D+00  0.00000000000000D+00
   3   4  0.35852012924855D+03  0.00000000000000D+00
   1   5 -0.84655822372480D+01  0.00000000000000D+00
   2   5  0.46962708593625D+01  0.00000000000000D+00
   3   5  0.36207266346396D+03  0.00000000000000D+00
   1   6  0.77424537860629D+02  0.00000000000000D+00
   2   6  0.76663874405027D+01  0.00000000000000D+00
   3   6 -0.53633114856690D+03  0.00000000000000D+00
   1   7  0.44438594038044D+02  0.00000000000000D+00
   2   7  0.76851166981784D+01  0.00000000000000D+00
   3   7  0.69787031504081D+03  0.00000000000000D+00
   1   8 -0.82520892084309D+02  0.00000000000000D+00
   2   8  0.11710464498023D+02  0.00000000000000D+00
   3   8 -0.81575034492492D+03  0.00000000000000D+00
   1   9 -0.62730975245319D+02  0.00000000000000D+00
   2   9 -0.17216549518416D+02  0.00000000000000D+00
   3   9 -0.36863836445018D+03  0.00000000000000D+00
   1  10 -0.23824576484470D+02  0.00000000000000D+00
   2  10  0.28491491099304D+02  0.00000000000000D+00
   3  10  0.99410323762386D+03  0.00000000000000D+00
   1  13 -0.30060973253734D+00  0.00000000000000D+00
   2  13 -0.28858989676117D+00  0.00000000000000D+00
   3  13  0.78475560212930D-01  0.00000000000000D+00
   1  14  0.29500472800800D-02  0.00000000000000D+00
   2  14  0.58469355098478D-02  0.00000000000000D+00
   3  14 -0.76256753515693D-03  0.00000000000000D+00
