 Fermi (or HOMO) energy (hartree) =  -7.00629   Average Vxc (hartree)=  -0.10958
 Eigenvalues (hartree) for nkpt=   2  k points:
 kpt#   1, nband= 62, wtk=  0.50000, kpt=  0.1250  0.5000  0.5000 (reduced coord)
 -16.39776  -14.81493  -14.80380  -14.79099  -14.40939  -13.10431  -12.82542  -12.69536
 -12.32718  -12.31863  -12.31303  -12.29294  -12.28858  -11.88014  -11.13250  -10.61062
 -10.60277  -10.49489  -10.30432  -10.28781  -10.03467  -10.01345   -9.95687   -9.76758
  -9.74276   -9.70305   -9.43589   -9.27057   -8.99433   -8.88917   -8.88163   -8.82961
  -8.56785   -8.51937   -8.49189   -8.35682   -8.34134   -8.33385   -8.32286   -8.31029
  -8.29159   -8.25573   -8.22824   -8.21306   -8.17952   -8.14723   -8.09162   -8.00266
  -7.91799   -7.86087   -7.66801   -7.50152   -7.44907   -7.39085   -7.25632   -7.23865
  -7.21088   -7.15619   -7.13657   -7.04416   -6.96546   -6.85570
 kpt#   2, nband= 62, wtk=  0.50000, kpt=  0.3750  0.5000  0.5000 (reduced coord)
 -16.39773  -14.81495  -14.80380  -14.79098  -14.40934  -13.10438  -12.82540  -12.69571
 -12.32674  -12.31877  -12.31292  -12.29339  -12.28840  -11.88001  -11.13247  -10.61041
 -10.60232  -10.49491  -10.30420  -10.28731  -10.03461  -10.01333   -9.95806   -9.76782
  -9.74250   -9.70268   -9.43608   -9.26942   -8.99378   -8.88883   -8.88214   -8.83000
  -8.56258   -8.52140   -8.49430   -8.35716   -8.35025   -8.33813   -8.32191   -8.30701
  -8.29092   -8.25776   -8.22558   -8.20391   -8.18669   -8.15634   -8.11831   -8.01468
  -7.98082   -7.84342   -7.66481   -7.52640   -7.43323   -7.41471   -7.28945   -7.23974
  -7.20504   -7.15632   -7.12465   -7.00629   -6.96012   -6.90021
