
 **** DERIVATIVE DATABASE ****    
+DDB, Version number    100401

  Note : temporary (transfer) database

    usepaw         0
     natom        30
      nkpt        10
    nsppol         1
      nsym         2
    ntypat         3
    occopt         1
     nband       160
     acell  0.86808000000000D+01  0.86808000000000D+01  0.40830000000000D+02
       amu  0.47880000000000D+02  0.15999400000000D+02  0.10642000000000D+03
   dilatmx  0.10000000000000D+01
      ecut  0.80000000000000D+01
    ecutsm  0.00000000000000D+00
     intxc         0
      iscf         7
       ixc         1
       kpt -0.12500000000000D+00  0.00000000000000D+00  0.00000000000000D+00
           -0.25000000000000D+00  0.50000000000000D+00  0.00000000000000D+00
           -0.12500000000000D+00  0.50000000000000D+00  0.50000000000000D+00
           -0.37500000000000D+00  0.00000000000000D+00  0.00000000000000D+00
           -0.25000000000000D+00  0.00000000000000D+00  0.50000000000000D+00
            0.50000000000000D+00  0.50000000000000D+00  0.00000000000000D+00
           -0.37500000000000D+00  0.50000000000000D+00  0.50000000000000D+00
            0.50000000000000D+00  0.00000000000000D+00  0.50000000000000D+00
            0.00000000000000D+00  0.50000000000000D+00  0.00000000000000D+00
            0.00000000000000D+00  0.00000000000000D+00  0.50000000000000D+00
    kptnrm  0.10000000000000D+01
     ngfft        24   24  108
    nspden         1
   nspinor         1
       occ  0.20000000000000D+01  0.20000000000000D+01  0.20000000000000D+01
            0.20000000000000D+01  0.20000000000000D+01  0.20000000000000D+01
            0.20000000000000D+01  0.20000000000000D+01  0.20000000000000D+01
            0.20000000000000D+01  0.20000000000000D+01  0.20000000000000D+01
            0.20000000000000D+01  0.20000000000000D+01  0.20000000000000D+01
            0.20000000000000D+01  0.20000000000000D+01  0.20000000000000D+01
            0.20000000000000D+01  0.20000000000000D+01  0.20000000000000D+01
            0.20000000000000D+01  0.20000000000000D+01  0.20000000000000D+01
            0.20000000000000D+01  0.20000000000000D+01  0.20000000000000D+01
            0.20000000000000D+01  0.20000000000000D+01  0.20000000000000D+01
            0.20000000000000D+01  0.20000000000000D+01  0.20000000000000D+01
            0.20000000000000D+01  0.20000000000000D+01  0.20000000000000D+01
            0.20000000000000D+01  0.20000000000000D+01  0.20000000000000D+01
            0.20000000000000D+01  0.20000000000000D+01  0.20000000000000D+01
            0.20000000000000D+01  0.20000000000000D+01  0.20000000000000D+01
            0.20000000000000D+01  0.20000000000000D+01  0.20000000000000D+01
            0.20000000000000D+01  0.20000000000000D+01  0.20000000000000D+01
            0.20000000000000D+01  0.20000000000000D+01  0.20000000000000D+01
            0.20000000000000D+01  0.20000000000000D+01  0.20000000000000D+01
            0.20000000000000D+01  0.20000000000000D+01  0.20000000000000D+01
            0.20000000000000D+01  0.20000000000000D+01  0.20000000000000D+01
            0.20000000000000D+01  0.20000000000000D+01  0.20000000000000D+01
            0.20000000000000D+01  0.20000000000000D+01  0.20000000000000D+01
            0.20000000000000D+01  0.20000000000000D+01  0.20000000000000D+01
            0.20000000000000D+01  0.20000000000000D+01  0.20000000000000D+01
            0.20000000000000D+01  0.20000000000000D+01  0.20000000000000D+01
            0.20000000000000D+01  0.20000000000000D+01  0.20000000000000D+01
            0.20000000000000D+01  0.20000000000000D+01  0.20000000000000D+01
            0.20000000000000D+01  0.20000000000000D+01  0.20000000000000D+01
            0.20000000000000D+01  0.20000000000000D+01  0.20000000000000D+01
            0.20000000000000D+01  0.20000000000000D+01  0.20000000000000D+01
            0.20000000000000D+01  0.20000000000000D+01  0.20000000000000D+01
            0.20000000000000D+01  0.20000000000000D+01  0.20000000000000D+01
            0.20000000000000D+01  0.20000000000000D+01  0.20000000000000D+01
            0.20000000000000D+01  0.20000000000000D+01  0.20000000000000D+01
            0.20000000000000D+01  0.20000000000000D+01  0.20000000000000D+01
            0.20000000000000D+01  0.20000000000000D+01  0.20000000000000D+01
            0.20000000000000D+01  0.20000000000000D+01  0.20000000000000D+01
            0.20000000000000D+01  0.20000000000000D+01  0.20000000000000D+01
            0.20000000000000D+01  0.20000000000000D+01  0.20000000000000D+01
            0.20000000000000D+01  0.20000000000000D+01  0.20000000000000D+01
            0.20000000000000D+01  0.20000000000000D+01  0.20000000000000D+01
            0.20000000000000D+01  0.20000000000000D+01  0.20000000000000D+01
            0.20000000000000D+01  0.20000000000000D+01  0.20000000000000D+01
            0.20000000000000D+01  0.20000000000000D+01  0.20000000000000D+01
            0.20000000000000D+01  0.20000000000000D+01  0.20000000000000D+01
            0.20000000000000D+01  0.20000000000000D+01  0.20000000000000D+01
            0.20000000000000D+01  0.20000000000000D+01  0.20000000000000D+01
            0.20000000000000D+01  0.20000000000000D+01  0.20000000000000D+01
            0.20000000000000D+01  0.20000000000000D+01  0.20000000000000D+01
            0.20000000000000D+01  0.20000000000000D+01  0.20000000000000D+01
            0.20000000000000D+01  0.20000000000000D+01  0.20000000000000D+01
            0.00000000000000D+00  0.00000000000000D+00  0.00000000000000D+00
            0.00000000000000D+00
     rprim  0.10000000000000D+01  0.00000000000000D+00  0.00000000000000D+00
            0.00000000000000D+00  0.10000000000000D+01  0.00000000000000D+00
            0.00000000000000D+00  0.00000000000000D+00  0.10000000000000D+01
  dfpt_sciss  0.00000000000000D+00
    spinat  0.00000000000000D+00  0.00000000000000D+00  0.00000000000000D+00
            0.00000000000000D+00  0.00000000000000D+00  0.00000000000000D+00
            0.00000000000000D+00  0.00000000000000D+00  0.00000000000000D+00
            0.00000000000000D+00  0.00000000000000D+00  0.00000000000000D+00
            0.00000000000000D+00  0.00000000000000D+00  0.00000000000000D+00
            0.00000000000000D+00  0.00000000000000D+00  0.00000000000000D+00
            0.00000000000000D+00  0.00000000000000D+00  0.00000000000000D+00
            0.00000000000000D+00  0.00000000000000D+00  0.00000000000000D+00
            0.00000000000000D+00  0.00000000000000D+00  0.00000000000000D+00
            0.00000000000000D+00  0.00000000000000D+00  0.00000000000000D+00
            0.00000000000000D+00  0.00000000000000D+00  0.00000000000000D+00
            0.00000000000000D+00  0.00000000000000D+00  0.00000000000000D+00
            0.00000000000000D+00  0.00000000000000D+00  0.00000000000000D+00
            0.00000000000000D+00  0.00000000000000D+00  0.00000000000000D+00
            0.00000000000000D+00  0.00000000000000D+00  0.00000000000000D+00
            0.00000000000000D+00  0.00000000000000D+00  0.00000000000000D+00
            0.00000000000000D+00  0.00000000000000D+00  0.00000000000000D+00
            0.00000000000000D+00  0.00000000000000D+00  0.00000000000000D+00
            0.00000000000000D+00  0.00000000000000D+00  0.00000000000000D+00
            0.00000000000000D+00  0.00000000000000D+00  0.00000000000000D+00
            0.00000000000000D+00  0.00000000000000D+00  0.00000000000000D+00
            0.00000000000000D+00  0.00000000000000D+00  0.00000000000000D+00
            0.00000000000000D+00  0.00000000000000D+00  0.00000000000000D+00
            0.00000000000000D+00  0.00000000000000D+00  0.00000000000000D+00
            0.00000000000000D+00  0.00000000000000D+00  0.00000000000000D+00
            0.00000000000000D+00  0.00000000000000D+00  0.00000000000000D+00
            0.00000000000000D+00  0.00000000000000D+00  0.00000000000000D+00
            0.00000000000000D+00  0.00000000000000D+00  0.00000000000000D+00
            0.00000000000000D+00  0.00000000000000D+00  0.00000000000000D+00
            0.00000000000000D+00  0.00000000000000D+00  0.00000000000000D+00
    symafm         1    1
    symrel         1    0    0    0    1    0    0    0    1
                   0    1    0    1    0    0    0    0    1
     tnons  0.00000000000000D+00  0.00000000000000D+00  0.00000000000000D+00
            0.00000000000000D+00  0.00000000000000D+00  0.00000000000000D+00
    tolwfr  0.10000000000000D+01
   tphysel  0.00000000000000D+00
    tsmear  0.10000000000000D-01
     typat         1    1    1    1    1    1    2    2    2    2    2    2
                   2    2    2    2    2    2    3    3    3    3    3    3
                   3    3    3    3    3    3
       wtk  0.12500000000000D+00  0.12500000000000D+00  0.12500000000000D+00
            0.12500000000000D+00  0.12500000000000D+00  0.62500000000000D-01
            0.12500000000000D+00  0.62500000000000D-01  0.62500000000000D-01
            0.62500000000000D-01
      xred  0.00000000000000D+00  0.00000000000000D+00  0.00000000000000D+00
            0.00000000000000D+00  0.00000000000000D+00  0.13693607641440D+00
            0.00000000000000D+00  0.00000000000000D+00  0.27387215282880D+00
            0.50000000000000D+00  0.50000000000000D+00  0.68469262796963D-01
            0.50000000000000D+00  0.50000000000000D+00  0.20540289003184D+00
            0.50000000000000D+00  0.50000000000000D+00  0.34234141562577D+00
            0.75000000000000D+00  0.25000000000000D+00  0.00000000000000D+00
            0.75000000000000D+00  0.25000000000000D+00  0.13693607641440D+00
            0.75000000000000D+00  0.25000000000000D+00  0.27387215282880D+00
            0.25000000000000D+00  0.75000000000000D+00  0.00000000000000D+00
            0.25000000000000D+00  0.75000000000000D+00  0.13693607641440D+00
            0.25000000000000D+00  0.75000000000000D+00  0.27387215282880D+00
            0.25000000000000D+00  0.25000000000000D+00  0.00000000000000D+00
            0.25000000000000D+00  0.25000000000000D+00  0.13693607641440D+00
            0.25000000000000D+00  0.25000000000000D+00  0.27387215282880D+00
            0.75000000000000D+00  0.75000000000000D+00  0.00000000000000D+00
            0.75000000000000D+00  0.75000000000000D+00  0.13693607641440D+00
            0.75000000000000D+00  0.75000000000000D+00  0.27387215282880D+00
            0.00000000000000D+00  0.00000000000000D+00  0.63986529512613D+00
            0.00000000000000D+00  0.00000000000000D+00  0.81993877051188D+00
            0.00000000000000D+00  0.00000000000000D+00  0.10000122458976D+01
            0.42348631462538D+00  0.42348631462538D+00  0.45979181974039D+00
            0.42348631462538D+00  0.42348631462538D+00  0.63986529512613D+00
            0.42348631462538D+00  0.42348631462538D+00  0.81993877051188D+00
            0.42348631462538D+00  0.00000000000000D+00  0.54982855743326D+00
            0.42348631462538D+00  0.00000000000000D+00  0.72990203281901D+00
            0.42348631462538D+00  0.00000000000000D+00  0.90997550820475D+00
            0.00000000000000D+00  0.42348631462538D+00  0.54982855743326D+00
            0.00000000000000D+00  0.42348631462538D+00  0.72990203281901D+00
            0.00000000000000D+00  0.42348631462538D+00  0.90997550820475D+00
     znucl  0.22000000000000D+02  0.80000000000000D+01  0.46000000000000D+02
      zion  0.40000000000000D+01  0.60000000000000D+01  0.18000000000000D+02
 
 No information on the potentials yet 
 
 **** Database of total energy derivatives ****
 Number of data blocks=    2
  
 Total energy                 - # elements :       1
  0.14221698994761D+06  0.00000000000000D+00
  
 1st derivatives              - # elements :      96
   1   1 -0.86545488587020D+00  0.00000000000000D+00
   2   1 -0.86545488587020D+00  0.00000000000000D+00
   3   1  0.11759039829097D+11  0.00000000000000D+00
   1   2 -0.11322136961795D-01  0.00000000000000D+00
   2   2 -0.11322136961795D-01  0.00000000000000D+00
   3   2 -0.57680945265376D+02  0.00000000000000D+00
   1   3  0.23418978542965D-01  0.00000000000000D+00
   2   3  0.23418978542965D-01  0.00000000000000D+00
   3   3  0.81447370522922D+02  0.00000000000000D+00
   1   4  0.11772918077060D+00  0.00000000000000D+00
   2   4  0.11772918077060D+00  0.00000000000000D+00
   3   4 -0.74620641088675D+02  0.00000000000000D+00
   1   5  0.18266863717362D-01  0.00000000000000D+00
   2   5  0.18266863717362D-01  0.00000000000000D+00
   3   5  0.11328384507742D+02  0.00000000000000D+00
   1   6  0.36498651981078D-01  0.00000000000000D+00
   2   6  0.36498651981078D-01  0.00000000000000D+00
   3   6  0.75878716717076D+02  0.00000000000000D+00
   1   7  0.71618176988618D+01  0.00000000000000D+00
   2   7 -0.70412385552612D+01  0.00000000000000D+00
   3   7  0.42735878303948D+02  0.00000000000000D+00
   1   8  0.50314100043502D+01  0.00000000000000D+00
   2   8 -0.50163993490635D+01  0.00000000000000D+00
   3   8  0.26411107423458D+02  0.00000000000000D+00
   1   9  0.57559736324152D+01  0.00000000000000D+00
   2   9 -0.57537805580241D+01  0.00000000000000D+00
   3   9 -0.51344396727402D+02  0.00000000000000D+00
   1  10 -0.70412385552612D+01  0.00000000000000D+00
   2  10  0.71618176988618D+01  0.00000000000000D+00
   3  10  0.42735878303948D+02  0.00000000000000D+00
   1  11 -0.50163993490635D+01  0.00000000000000D+00
   2  11  0.50314100043502D+01  0.00000000000000D+00
   3  11  0.26411107423458D+02  0.00000000000000D+00
   1  12 -0.57537805580241D+01  0.00000000000000D+00
   2  12  0.57559736324152D+01  0.00000000000000D+00
   3  12 -0.51344396727402D+02  0.00000000000000D+00
   1  13 -0.72910699831732D+01  0.00000000000000D+00
   2  13 -0.72910699831732D+01  0.00000000000000D+00
   3  13  0.41170667368368D+02  0.00000000000000D+00
   1  14 -0.50220408011613D+01  0.00000000000000D+00
   2  14 -0.50220408011613D+01  0.00000000000000D+00
   3  14  0.26277312250193D+02  0.00000000000000D+00
   1  15 -0.57706919123313D+01  0.00000000000000D+00
   2  15 -0.57706919123313D+01  0.00000000000000D+00
   3  15 -0.51631825049116D+02  0.00000000000000D+00
   1  16  0.69957818937028D+01  0.00000000000000D+00
   2  16  0.69957818937028D+01  0.00000000000000D+00
   3  16  0.44026985617662D+02  0.00000000000000D+00
   1  17  0.49706500329347D+01  0.00000000000000D+00
   2  17  0.49706500329347D+01  0.00000000000000D+00
   3  17  0.26383687487472D+02  0.00000000000000D+00
   1  18  0.57472025463516D+01  0.00000000000000D+00
   2  18  0.57472025463516D+01  0.00000000000000D+00
   3  18 -0.51148368837241D+02  0.00000000000000D+00
   1  19  0.24337052193823D+01  0.00000000000000D+00
   2  19  0.24337052193823D+01  0.00000000000000D+00
   3  19  0.48301355476731D+01  0.00000000000000D+00
   1  20  0.76987465777204D+00  0.00000000000000D+00
   2  20  0.76987465777204D+00  0.00000000000000D+00
   3  20 -0.31855477435366D+01  0.00000000000000D+00
   1  21  0.28552758826387D+00  0.00000000000000D+00
   2  21  0.28552758826387D+00  0.00000000000000D+00
   3  21 -0.11759039954885D+11  0.00000000000000D+00
   1  22 -0.54540174615313D+00  0.00000000000000D+00
   2  22 -0.54540174615313D+00  0.00000000000000D+00
   3  22 -0.62536244051643D+01  0.00000000000000D+00
   1  23 -0.24796930697122D+01  0.00000000000000D+00
   2  23 -0.24796930697122D+01  0.00000000000000D+00
   3  23  0.44226130492458D+01  0.00000000000000D+00
   1  24 -0.85303019879317D+00  0.00000000000000D+00
   2  24 -0.85303019879317D+00  0.00000000000000D+00
   3  24 -0.38601172258898D+01  0.00000000000000D+00
   1  25 -0.81710559991206D+00  0.00000000000000D+00
   2  25  0.10394128872225D+01  0.00000000000000D+00
   3  25  0.21627192238420D+01  0.00000000000000D+00
   1  26 -0.17628117579284D+01  0.00000000000000D+00
   2  26  0.15983510545812D+01  0.00000000000000D+00
   3  26 -0.76849222999284D+01  0.00000000000000D+00
   1  27  0.74887728783310D+00  0.00000000000000D+00
   2  27 -0.44390225126087D-02  0.00000000000000D+00
   3  27  0.10531326535119D+02  0.00000000000000D+00
   1  28  0.10394128872225D+01  0.00000000000000D+00
   2  28 -0.81710559991206D+00  0.00000000000000D+00
   3  28  0.21627192238420D+01  0.00000000000000D+00
   1  29  0.15983510545812D+01  0.00000000000000D+00
   2  29 -0.17628117579284D+01  0.00000000000000D+00
   3  29 -0.76849222999284D+01  0.00000000000000D+00
   1  30 -0.44390225126087D-02  0.00000000000000D+00
   2  30  0.74887728783310D+00  0.00000000000000D+00
   3  30  0.10531326535119D+02  0.00000000000000D+00
   1  33  0.29000388877076D-01  0.00000000000000D+00
   2  33  0.29000388877076D-01  0.00000000000000D+00
   3  33 -0.46754615275886D+02  0.00000000000000D+00
   1  34  0.50611943716089D-04  0.00000000000000D+00
   2  34  0.50611943716089D-04  0.00000000000000D+00
   3  34  0.20572575159722D-04  0.00000000000000D+00
